gene_id	transcript_id	pfam_ids	domain_annotation	domain_changes
GML000001	GML000001_mRNA1		None	None
GML000002	GML000002_mRNA1	PF00701.29	Partial	None
GML000003	GML000003_mRNA1	PF00478.32,PF01070.25,PF01645.24	Partial	None
GML000004	GML000004_mRNA1	PF01490.25	Partial	None
GML000005	GML000005_mRNA1	PF01490.25,PF03222.20	Partial	None
GML000006	GML000006_mRNA1	PF00083.31,PF07690.22	Partial	None
GML000007	GML000007_mRNA1		None	None
GML000008	GML000008_mRNA1		None	None
GML000009	GML000009_mRNA1	PF00590.26	Partial	None
GML000010	GML000010_mRNA1	PF04080.20	Partial	None
GML000011	GML000011_mRNA1	PF00596.28	Partial	None
GML000012	GML000012_mRNA1	PF00026.29	Partial	None
GML000013	GML000013_mRNA1	PF00083.31,PF07690.22	Partial	None
GML000014	GML000014_mRNA1		None	None
GML000015	GML000015_mRNA1	PF01794.26,PF08022.19,PF08030.18	Complete	None
GML000015	GML000015_mRNA2	PF01794.26,PF08022.19,PF08030.18	Complete	Unchanged
GML000016	GML000016_mRNA1		None	None
GML000017	GML000017_mRNA1	PF00339.35	Partial	None
GML000018	GML000018_mRNA1	PF00348.23	Partial	None
GML000018	GML000018_mRNA2	PF00348.23	Partial	Unchanged
GML000019	GML000019_mRNA1	PF04511.21	Partial	None
GML000020	GML000020_mRNA1	PF14632.12,PF14633.13,PF14635.13,PF14639.12,PF14641.12,PF21710.4,PF22706.2	Complete	None
GML000020	GML000020_mRNA2	PF00017.31,PF14632.12,PF14633.13,PF14635.13,PF14639.12,PF14641.12,PF17674.8,PF21710.4,PF22706.2	Complete	Gain,Truncated
GML000021	GML000021_mRNA1	PF02668.23,PF06738.19,PF12821.14	Complete	None
GML000021	GML000021_mRNA2	PF02668.23,PF06738.19,PF12821.14	Complete	Unchanged
GML000021	GML000021_mRNA3	PF06738.19,PF12821.14	Complete	Loss
GML000022	GML000022_mRNA1	PF02668.23	Partial	None
GML000022	GML000022_mRNA2	PF02668.23	Partial	Unchanged
GML000023	GML000023_mRNA1	PF04194.19,PF30657.1	Complete	None
GML000024	GML000024_mRNA1	PF00009.34,PF01926.30,PF04760.22,PF11987.14,PF22042.3	Complete	None
GML000025	GML000025_mRNA1	PF07535.19,PF08630.16,PF22437.3	Complete	None
GML000025	GML000025_mRNA2	PF07535.19,PF08630.16,PF22437.3	Complete	Unchanged
GML000026	GML000026_mRNA1	PF16818.12	Partial	None
GML000027	GML000027_mRNA1	PF00179.32	Partial	None
GML000028	GML000028_mRNA1	PF04908.22	Complete	None
GML000029	GML000029_mRNA1	PF00013.36,PF00013.36,PF00013.36,PF00013.36,PF00013.36,PF24668.2	Complete	None
GML000029	GML000029_mRNA2	PF00013.36,PF00013.36,PF00013.36,PF00013.36,PF00013.36,PF24668.2	Complete	Unchanged
GML000030	GML000030_mRNA1	PF00324.28,PF13520.13	Partial	None
GML000031	GML000031_mRNA1	PF05047.23	Partial	None
GML000032	GML000032_mRNA1	PF00172.24	Partial	None
GML000033	GML000033_mRNA1	PF02668.23	Partial	None
GML000034	GML000034_mRNA1	PF02668.23	Partial	None
GML000035	GML000035_mRNA1	PF00627.38,PF12763.14,PF12763.14,PF12763.14	Complete	None
GML000035	GML000035_mRNA2	PF00627.38,PF12763.14,PF12763.14,PF12763.14	Complete	Unchanged
GML000036	GML000036_mRNA1	PF04410.21	Partial	None
GML000037	GML000037_mRNA1	PF01926.30	Partial	None
GML000038	GML000038_mRNA1	PF04892.18	Partial	None
GML000039	GML000039_mRNA1	PF00614.30,PF00614.30,PF13091.13	Complete	None
GML000040	GML000040_mRNA1	PF04148.19	Partial	None
GML000041	GML000041_mRNA1	PF00561.27,PF00756.27	Partial	None
GML000042	GML000042_mRNA1	PF10261.16	Partial	None
GML000043	GML000043_mRNA1	PF00481.27	Partial	None
GML000043	GML000043_mRNA2	PF00481.27	Partial	Unchanged
GML000043	GML000043_mRNA3	PF00481.27	Partial	Unchanged
GML000044	GML000044_mRNA1	PF00122.26,PF00689.27,PF00690.32,PF00702.33,PF13246.13	Complete	None
GML000045	GML000045_mRNA1	PF00561.27,PF12146.16,PF12697.14	Partial	None
GML000046	GML000046_mRNA1	PF03184.26,PF03221.23,PF18107.8	Partial	None
GML000047	GML000047_mRNA1		None	None
GML000048	GML000048_mRNA1	PF05832.18	Partial	None
GML000049	GML000049_mRNA1	PF00637.27,PF23411.2,PF23556.2	Complete	None
GML000049	GML000049_mRNA2	PF00637.27,PF23411.2,PF23556.2	Complete	Unchanged
GML000050	GML000050_mRNA1		None	None
GML000051	GML000051_mRNA1	PF04136.22,PF20671.4	Partial	None
GML000052	GML000052_mRNA1	PF00067.28	Partial	None
GML000053	GML000053_mRNA1	PF03690.19	Partial	None
GML000053	GML000053_mRNA2	PF03690.19	Partial	Unchanged
GML000054	GML000054_mRNA1	PF08611.16	Complete	None
GML000054	GML000054_mRNA2	PF08611.16	Complete	Unchanged
GML000055	GML000055_mRNA1	PF00266.26,PF00282.26	Partial	None
GML000056	GML000056_mRNA1		None	None
GML000057	GML000057_mRNA1	PF03378.22,PF03810.26,PF08506.17	Partial	None
GML000058	GML000058_mRNA1	PF02045.22	Partial	None
GML000059	GML000059_mRNA1	PF00172.24	Partial	None
GML000060	GML000060_mRNA1	PF08700.18	Partial	None
GML000060	GML000060_mRNA2	PF08700.18	Partial	Unchanged
GML000061	GML000061_mRNA1	PF14617.13	Partial	None
GML000062	GML000062_mRNA1	PF01134.29,PF13932.16,PF21680.3	Complete	None
GML000062	GML000062_mRNA2	PF01134.29,PF13932.16,PF21680.3	Complete	Truncated
GML000063	GML000063_mRNA1	PF15511.13	Complete	None
GML000064	GML000064_mRNA1	PF00153.33,PF00153.33,PF00153.33	Complete	None
GML000065	GML000065_mRNA1	PF00583.32,PF13878.13,PF13880.13	Complete	None
GML000065	GML000065_mRNA2	PF00583.32,PF13880.13	Complete	Loss
GML000066	GML000066_mRNA1	PF01729.26,PF02749.23	Partial	None
GML000067	GML000067_mRNA1	PF03256.23	Partial	None
GML000068	GML000068_mRNA1	PF09346.16	Partial	None
GML000069	GML000069_mRNA1	PF03074.23	Partial	None
GML000070	GML000070_mRNA1	PF00586.30,PF01071.25,PF02769.28,PF02843.23,PF02844.22	Complete	None
GML000071	GML000071_mRNA1		None	None
GML000071	GML000071_mRNA2	PF22892.3	Partial	Gain
GML000072	GML000072_mRNA1		None	None
GML000073	GML000073_mRNA1	PF03124.21	Partial	None
GML000074	GML000074_mRNA1	PF09805.15	Partial	None
GML000075	GML000075_mRNA1	PF04000.21	Partial	None
GML000076	GML000076_mRNA1	PF00069.32,PF06479.18,PF07714.24	Complete	None
GML000076	GML000076_mRNA2	PF00069.32,PF06479.18,PF07714.24	Complete	Unchanged
GML000077	GML000077_mRNA1	PF02893.27,PF16016.12	Complete	None
GML000078	GML000078_mRNA1	PF01975.24	Partial	None
GML000079	GML000079_mRNA1	PF01466.25,PF03931.22,PF04882.18	Complete	None
GML000079	GML000079_mRNA2	PF04882.18	Partial	Loss
GML000080	GML000080_mRNA1	PF01466.25,PF03931.22	Complete	None
GML000081	GML000081_mRNA1		None	None
GML000082	GML000082_mRNA1	PF00789.27,PF13899.13,PF14555.13	Complete	None
GML000083	GML000083_mRNA1	PF00069.32,PF07714.24	Partial	None
GML000084	GML000084_mRNA1	PF04082.24	Partial	None
GML000084	GML000084_mRNA2	PF04082.24	Partial	Unchanged
GML000085	GML000085_mRNA1	PF07350.20	Partial	None
GML000086	GML000086_mRNA1	PF01073.26,PF01370.28,PF02719.22,PF07993.19,PF13460.13,PF16363.12	Partial	None
GML000087	GML000087_mRNA1	PF00400.39,PF00400.39	Complete	None
GML000088	GML000088_mRNA1	PF00133.29,PF08264.20,PF09334.18,PF19302.6	Complete	None
GML000089	GML000089_mRNA1	PF00733.28,PF01171.28	Partial	None
GML000089	GML000089_mRNA2	PF01171.28	Partial	Loss
GML000090	GML000090_mRNA1	PF25316.2,PF25577.2	Complete	None
GML000090	GML000090_mRNA2	PF25316.2,PF25577.2	Complete	Unchanged
GML000091	GML000091_mRNA1	PF02204.24,PF18151.7	Complete	None
GML000092	GML000092_mRNA1	PF05899.19,PF06249.19	Partial	None
GML000093	GML000093_mRNA1	PF03234.20,PF08564.17,PF08565.17	Complete	None
GML000094	GML000094_mRNA1	PF00076.29	Complete	None
GML000095	GML000095_mRNA1	PF01408.29,PF02894.23,PF22725.2	Partial	None
GML000096	GML000096_mRNA1	PF03908.19	Complete	None
GML000096	GML000096_mRNA2	PF03908.19	Partial	Truncated
GML000097	GML000097_mRNA1	PF03372.30	Partial	None
GML000098	GML000098_mRNA1	PF03637.23	Partial	None
GML000099	GML000099_mRNA1	PF27708.1	Partial	None
GML000099	GML000099_mRNA2	PF27708.1	Partial	Unchanged
GML000100	GML000100_mRNA1		None	None
GML000101	GML000101_mRNA1	PF00080.26,PF01521.27	Complete	None
GML000101	GML000101_mRNA2	PF00080.26,PF01521.27	Complete	Unchanged
GML000101	GML000101_mRNA3	PF01521.27	Partial	Loss
GML000101	GML000101_mRNA4	PF01521.27	Partial	Loss
GML000102	GML000102_mRNA1	PF00080.26	Partial	None
GML000103	GML000103_mRNA1	PF00557.30,PF01321.25,PF16188.11,PF16189.12	Complete	None
GML000104	GML000104_mRNA1	PF29955.1	Partial	None
GML000104	GML000104_mRNA2	PF29955.1	Partial	Unchanged
GML000104	GML000104_mRNA3	PF29955.1	Partial	Unchanged
GML000105	GML000105_mRNA1	PF01336.32,PF02721.22,PF04057.19,PF08646.17,PF16900.12	Complete	None
GML000106	GML000106_mRNA1	PF01053.27	Partial	None
GML000107	GML000107_mRNA1	PF01257.26	Partial	None
GML000108	GML000108_mRNA1	PF00400.39,PF00400.39,PF00400.39,PF00400.39,PF00400.39,PF12894.14,PF12894.14,PF24807.2	Complete	None
GML000108	GML000108_mRNA2	PF00400.39,PF00400.39,PF00400.39,PF00400.39,PF00400.39,PF12894.14,PF12894.14,PF24807.2	Complete	Unchanged
GML000109	GML000109_mRNA1	PF00155.28,PF00400.39,PF00400.39,PF00400.39,PF00400.39,PF07569.17,PF09453.16,PF24105.2	Complete	None
GML000109	GML000109_mRNA2	PF00155.28,PF00400.39,PF00400.39,PF00400.39,PF00400.39,PF07569.17,PF09453.16,PF24105.2	Complete	Unchanged
GML000109	GML000109_mRNA3	PF00155.28,PF00400.39,PF00400.39,PF00400.39,PF00400.39,PF07569.17,PF09453.16,PF24105.2	Complete	Unchanged
GML000109	GML000109_mRNA4	PF00155.28,PF00400.39,PF00400.39,PF00400.39,PF00400.39,PF07569.17,PF09453.16,PF24105.2	Complete	Unchanged
GML000110	GML000110_mRNA1	PF04420.20	Partial	None
GML000111	GML000111_mRNA1	PF07743.19	Complete	None
GML000111	GML000111_mRNA2	PF07743.19	Complete	Unchanged
GML000112	GML000112_mRNA1	PF00626.28,PF00899.28,PF04810.21,PF04811.22,PF04815.21,PF08033.18	Complete	None
GML000112	GML000112_mRNA2	PF00626.28,PF00899.28,PF04810.21,PF04811.22,PF04815.21,PF08033.18	Complete	Unchanged
GML000112	GML000112_mRNA3	PF00626.28,PF00899.28,PF04810.21,PF04811.22,PF04815.21,PF08033.18	Complete	Unchanged
GML000112	GML000112_mRNA4	PF00626.28,PF00899.28,PF04810.21,PF04811.22,PF04815.21,PF08033.18	Complete	Unchanged
GML000112	GML000112_mRNA5	PF00626.28,PF04810.21,PF04811.22,PF04815.21,PF08033.18	Complete	Loss
GML000113	GML000113_mRNA1	PF00899.28	Partial	None
GML000113	GML000113_mRNA2	PF00899.28	Partial	Unchanged
GML000113	GML000113_mRNA3	PF00899.28	Partial	Unchanged
GML000114	GML000114_mRNA1	PF11496.15	Partial	None
GML000115	GML000115_mRNA1	PF00400.39,PF00400.39,PF00400.39,PF00400.39,PF00400.39,PF00400.39,PF00400.39,PF08799.18	Complete	None
GML000115	GML000115_mRNA2	PF00400.39,PF00400.39,PF00400.39,PF00400.39,PF00400.39,PF00400.39,PF00400.39,PF08799.18	Complete	Unchanged
GML000116	GML000116_mRNA1		None	None
GML000117	GML000117_mRNA1		None	None
GML000118	GML000118_mRNA1	PF01179.28	Partial	None
GML000119	GML000119_mRNA1	PF00933.28,PF01915.28,PF12799.14,PF13855.13,PF13855.13,PF14310.13,PF14580.13	Complete	None
GML000119	GML000119_mRNA2	PF00933.28,PF01915.28,PF12799.14,PF13855.13,PF13855.13,PF14310.13,PF14580.13	Complete	Unchanged
GML000119	GML000119_mRNA3	PF00933.28,PF01915.28,PF12799.14,PF13855.13,PF13855.13,PF14310.13,PF14580.13	Complete	Unchanged
GML000119	GML000119_mRNA4	PF12799.14,PF12799.14,PF13855.13,PF13855.13,PF14580.13	Complete	Loss
GML000120	GML000120_mRNA1	PF00933.28,PF01915.28,PF14310.13	Complete	None
GML000120	GML000120_mRNA2	PF00933.28,PF01915.28,PF14310.13	Complete	Unchanged
GML000121	GML000121_mRNA1	PF04042.22,PF29084.1	Complete	None
GML000121	GML000121_mRNA2	PF04042.22,PF29084.1	Partial	Truncated
GML000122	GML000122_mRNA1	PF00432.28	Partial	None
GML000123	GML000123_mRNA1	PF11051.15	Partial	None
GML000124	GML000124_mRNA1	PF00596.28	Partial	None
GML000125	GML000125_mRNA1		None	None
GML000126	GML000126_mRNA1	PF00324.28,PF13520.13	Partial	None
GML000127	GML000127_mRNA1	PF00324.28,PF13520.13	Partial	None
GML000128	GML000128_mRNA1	PF01798.24,PF08156.19	Partial	None
GML000129	GML000129_mRNA1	PF08696.18,PF13086.13,PF13086.13,PF13087.13,PF13245.13,PF13604.13,PF21123.4	Complete	None
GML000130	GML000130_mRNA1	PF08238.19,PF08238.19,PF08238.19,PF08238.19,PF08238.19	Complete	None
GML000131	GML000131_mRNA1	PF01496.25,PF01496.25	Partial	None
GML000132	GML000132_mRNA1	PF16787.11	Partial	None
GML000133	GML000133_mRNA1	PF00010.32	Complete	None
GML000134	GML000134_mRNA1		None	None
GML000134	GML000134_mRNA2		None	Unchanged
GML000135	GML000135_mRNA1	PF07034.18,PF18137.8	Complete	None
GML000136	GML000136_mRNA1	PF03982.19,PF03982.19,PF03982.19	Partial	None
GML000137	GML000137_mRNA1		None	None
GML000138	GML000138_mRNA1	PF01048.27	Partial	None
GML000138	GML000138_mRNA2	PF01048.27	Partial	Unchanged
GML000139	GML000139_mRNA1	PF08547.19	Partial	None
GML000140	GML000140_mRNA1	PF00467.36,PF00900.27,PF01479.31,PF16121.11	Complete	None
GML000141	GML000141_mRNA1	PF06437.17	Partial	None
GML000142	GML000142_mRNA1	PF00106.32	Partial	None
GML000143	GML000143_mRNA1	PF00400.39	Complete	None
GML000143	GML000143_mRNA2	PF00400.39	Complete	Unchanged
GML000144	GML000144_mRNA1	PF09811.15	Partial	None
GML000145	GML000145_mRNA1	PF02213.22	Complete	None
GML000146	GML000146_mRNA1	PF13191.13,PF14630.13,PF21639.4	Complete	None
GML000147	GML000147_mRNA1	PF00136.27,PF03104.26,PF08490.18,PF10108.16,PF22634.2,PF22912.3,PF23250.2	Complete	None
GML000148	GML000148_mRNA1	PF00724.27	Partial	None
GML000149	GML000149_mRNA1	PF00982.28	Partial	None
GML000150	GML000150_mRNA1		None	None
GML000151	GML000151_mRNA1	PF00481.27	Partial	None
GML000152	GML000152_mRNA1	PF00006.32,PF02874.30,PF04041.20,PF22919.2	Complete	None
GML000152	GML000152_mRNA2	PF04041.20	Partial	Loss
GML000152	GML000152_mRNA3	PF04041.20	Partial	Loss
GML000153	GML000153_mRNA1	PF00006.32,PF02874.30,PF22919.2	Complete	None
GML000153	GML000153_mRNA2	PF00006.32,PF02874.30,PF22919.2	Complete	Unchanged
GML000153	GML000153_mRNA3	PF00006.32,PF02874.30,PF22919.2	Complete	Unchanged
GML000154	GML000154_mRNA1	PF00330.26,PF00694.26	Complete	None
GML000154	GML000154_mRNA2	PF00330.26,PF00694.26	Complete	Unchanged
GML000154	GML000154_mRNA3	PF00330.26,PF00694.26	Complete	Unchanged
GML000155	GML000155_mRNA1	PF00617.25,PF00618.26,PF26988.1	Complete	None
GML000156	GML000156_mRNA1	PF13086.13,PF13086.13,PF13087.13,PF13245.13,PF13604.13,PF28793.1	Complete	None
GML000156	GML000156_mRNA2	PF13086.13,PF13086.13,PF13087.13,PF13245.13,PF13604.13,PF28793.1	Complete	Unchanged
GML000156	GML000156_mRNA3	PF13086.13,PF13086.13,PF13087.13,PF13245.13,PF13604.13,PF28793.1	Complete	Unchanged
GML000157	GML000157_mRNA1	PF10510.15	Partial	None
GML000158	GML000158_mRNA1	PF17832.8,PF25304.2,PF26292.1	Complete	None
GML000159	GML000159_mRNA1	PF01253.28	Partial	None
GML000160	GML000160_mRNA1	PF00027.36,PF00027.36,PF00646.39,PF12937.13,PF25372.2	Complete	None
GML000161	GML000161_mRNA1	PF00687.27	Partial	None
GML000161	GML000161_mRNA2	PF00687.27	Partial	Unchanged
GML000162	GML000162_mRNA1	PF00620.33	Partial	None
GML000162	GML000162_mRNA2	PF00620.33	Partial	Unchanged
GML000163	GML000163_mRNA1	PF12894.14,PF12896.13	Partial	None
GML000164	GML000164_mRNA1	PF17053.12	Partial	None
GML000165	GML000165_mRNA1	PF04114.20	Partial	None
GML000166	GML000166_mRNA1	PF00155.28	Partial	None
GML000166	GML000166_mRNA2	PF00155.28	Partial	Unchanged
GML000167	GML000167_mRNA1	PF00485.25,PF14681.13	Partial	None
GML000167	GML000167_mRNA2	PF00485.25,PF14681.13	Partial	Unchanged
GML000167	GML000167_mRNA3	PF00485.25,PF14681.13	Partial	Unchanged
GML000168	GML000168_mRNA1	PF00270.36,PF00271.38,PF04408.30,PF07717.23,PF13401.13,PF21010.3	Complete	None
GML000169	GML000169_mRNA1	PF00320.34	Complete	None
GML000169	GML000169_mRNA2	PF00320.34	Complete	Unchanged
GML000170	GML000170_mRNA1	PF13855.13	Complete	None
GML000170	GML000170_mRNA2	PF13855.13	Complete	Unchanged
GML000171	GML000171_mRNA1		None	None
GML000172	GML000172_mRNA1	PF00172.24,PF04082.24	Partial	None
GML000172	GML000172_mRNA2	PF00172.24,PF04082.24	Partial	Unchanged
GML000172	GML000172_mRNA3	PF00172.24	Partial	Loss
GML000172	GML000172_mRNA4	PF04082.24	Partial	Loss
GML000172	GML000172_mRNA5		None	Loss
GML000173	GML000173_mRNA1	PF13380.13	Partial	None
GML000173	GML000173_mRNA2	PF13380.13	Partial	Unchanged
GML000174	GML000174_mRNA1	PF01195.27,PF07855.18	Partial	None
GML000175	GML000175_mRNA1	PF00005.34,PF06472.21	Complete	None
GML000176	GML000176_mRNA1		None	None
GML000177	GML000177_mRNA1	PF00069.32,PF07714.24	Partial	None
GML000178	GML000178_mRNA1	PF06398.18	Partial	None
GML000178	GML000178_mRNA2	PF06398.18	Partial	Unchanged
GML000179	GML000179_mRNA1	PF07970.18,PF13850.12	Partial	None
GML000180	GML000180_mRNA1	PF00172.24,PF11951.14	Partial	None
GML000181	GML000181_mRNA1	PF00580.28,PF12726.13,PF13086.13,PF13087.13,PF13245.13,PF23576.3	Complete	None
GML000182	GML000182_mRNA1		None	None
GML000183	GML000183_mRNA1	PF00036.39,PF00036.39,PF13202.13,PF13202.13,PF13202.13,PF13202.13,PF13499.13,PF13499.13,PF13833.13,PF13833.13	Complete	None
GML000184	GML000184_mRNA1	PF00106.32,PF08659.17,PF13561.13,PF23441.1	Partial	None
GML000185	GML000185_mRNA1	PF00169.36,PF00780.29,PF15405.13,PF23582.2	Complete	None
GML000186	GML000186_mRNA1	PF02133.22,PF10516.16,PF14615.12	Complete	None
GML000186	GML000186_mRNA2	PF10516.16	Complete	Loss
GML000187	GML000187_mRNA1	PF02133.22,PF14615.12	Complete	None
GML000187	GML000187_mRNA2	PF14615.12	Complete	Loss
GML000188	GML000188_mRNA1	PF02133.22	Partial	None
GML000189	GML000189_mRNA1	PF04425.18,PF04426.18	Complete	None
GML000189	GML000189_mRNA2	PF04425.18,PF04426.18	Partial	Truncated
GML000190	GML000190_mRNA1	PF13516.13	Complete	None
GML000191	GML000191_mRNA1		None	None
GML000192	GML000192_mRNA1	PF01756.25,PF02770.25,PF14749.12,PF22924.2	Complete	None
GML000193	GML000193_mRNA1	PF01756.25,PF02770.25,PF14749.12,PF22924.2	Complete	None
GML000194	GML000194_mRNA1		None	None
GML000195	GML000195_mRNA1	PF01363.28	Complete	None
GML000196	GML000196_mRNA1	PF08316.17	Partial	None
GML000196	GML000196_mRNA2	PF08316.17	Partial	Unchanged
GML000197	GML000197_mRNA1		None	None
GML000198	GML000198_mRNA1	PF00270.36,PF00271.38,PF04851.22	Complete	None
GML000199	GML000199_mRNA1		None	None
GML000200	GML000200_mRNA1	PF28564.1,PF31140.1	Complete	None
GML000201	GML000201_mRNA1		None	None
GML000202	GML000202_mRNA1	PF12710.14	Partial	None
GML000203	GML000203_mRNA1		None	None
GML000203	GML000203_mRNA2		None	Unchanged
GML000204	GML000204_mRNA1	PF01546.34,PF07687.20	Complete	None
GML000205	GML000205_mRNA1	PF10180.15	Partial	None
GML000205	GML000205_mRNA2	PF10180.15	Partial	Unchanged
GML000205	GML000205_mRNA3	PF10180.15	Partial	Unchanged
GML000206	GML000206_mRNA1	PF08623.17	Complete	None
GML000206	GML000206_mRNA2	PF08623.17	Complete	Unchanged
GML000207	GML000207_mRNA1	PF00330.26,PF00694.26	Complete	None
GML000207	GML000207_mRNA2	PF00330.26	Partial	Loss
GML000208	GML000208_mRNA1	PF02517.22	Partial	None
GML000209	GML000209_mRNA1		None	None
GML000210	GML000210_mRNA1	PF08632.16	Complete	None
GML000211	GML000211_mRNA1	PF00173.34,PF04116.20	Partial	None
GML000212	GML000212_mRNA1		None	None
GML000213	GML000213_mRNA1	PF00156.34	Partial	None
GML000214	GML000214_mRNA1	PF01922.24	Partial	None
GML000215	GML000215_mRNA1	PF07967.20	Partial	None
GML000216	GML000216_mRNA1	PF00400.39,PF00400.39,PF00400.39,PF00400.39,PF00400.39,PF00400.39,PF00646.39,PF12937.13,PF16856.12	Complete	None
GML000217	GML000217_mRNA1		None	None
GML000218	GML000218_mRNA1	PF00076.29,PF00133.29,PF00133.29,PF08264.20,PF09334.18,PF16842.12,PF24810.2	Complete	None
GML000218	GML000218_mRNA2	PF00076.29,PF00133.29,PF00133.29,PF08264.20,PF09334.18,PF16842.12,PF24810.2	Complete	Unchanged
GML000218	GML000218_mRNA3	PF00133.29,PF00133.29,PF08264.20,PF09334.18,PF09334.18,PF24810.2	Complete	Loss,Truncated
GML000219	GML000219_mRNA1		None	None
GML000220	GML000220_mRNA1	PF00787.30,PF02194.21,PF08628.18	Complete	None
GML000221	GML000221_mRNA1	PF00575.30,PF00575.30,PF00575.30,PF23231.2,PF23240.2,PF29086.1	Complete	None
GML000222	GML000222_mRNA1	PF00097.32,PF00156.34,PF00702.33,PF02148.26,PF07576.19,PF12710.14,PF13419.13,PF13445.13,PF13639.13,PF13793.13,PF13923.13,PF14572.13	Complete	None
GML000222	GML000222_mRNA2	PF00097.32,PF02148.26,PF07576.19,PF13445.13,PF13639.13,PF13923.13,PF14634.13	Complete	Truncated,Gain,Loss
GML000223	GML000223_mRNA1	PF04658.19	Partial	None
GML000223	GML000223_mRNA2	PF04658.19	Partial	Unchanged
GML000224	GML000224_mRNA1	PF00122.26,PF12409.14,PF13246.13	Complete	None
GML000225	GML000225_mRNA1	PF01184.25	Partial	None
GML000226	GML000226_mRNA1	PF02656.21	Partial	None
GML000227	GML000227_mRNA1		None	None
GML000227	GML000227_mRNA2		None	Unchanged
GML000227	GML000227_mRNA3		None	Unchanged
GML000228	GML000228_mRNA1	PF09804.15,PF14831.12	Complete	None
GML000228	GML000228_mRNA2	PF09804.15,PF14831.12	Complete	Unchanged
GML000229	GML000229_mRNA1	PF06046.20,PF06741.19,PF14438.13	Complete	None
GML000229	GML000229_mRNA2	PF06741.19,PF14438.13	Complete	Loss
GML000230	GML000230_mRNA1	PF06046.20	Partial	None
GML000231	GML000231_mRNA1		None	None
GML000232	GML000232_mRNA1	PF04502.19	Partial	None
GML000233	GML000233_mRNA1	PF01851.29,PF01851.29,PF17781.8,PF18051.7	Complete	None
GML000234	GML000234_mRNA1	PF00137.27,PF00137.27,PF29129.1	Complete	None
GML000234	GML000234_mRNA2	PF00137.27,PF00137.27	Complete	Loss
GML000235	GML000235_mRNA1	PF00172.24,PF11951.14	Partial	None
GML000236	GML000236_mRNA1	PF01529.26	Partial	None
GML000237	GML000237_mRNA1		None	None
GML000238	GML000238_mRNA1		None	None
GML000239	GML000239_mRNA1	PF02990.22	Partial	None
GML000240	GML000240_mRNA1	PF04111.18,PF17675.7	Partial	None
GML000241	GML000241_mRNA1	PF13532.13	Partial	None
GML000241	GML000241_mRNA2	PF13532.13	Partial	Unchanged
GML000242	GML000242_mRNA1		None	None
GML000243	GML000243_mRNA1	PF29664.1	Partial	None
GML000244	GML000244_mRNA1	PF03155.22	Partial	None
GML000245	GML000245_mRNA1	PF01841.26,PF03835.22	Partial	None
GML000246	GML000246_mRNA1	PF07717.23,PF15159.12,PF21010.3	Complete	None
GML000247	GML000247_mRNA1	PF00579.32	Partial	None
GML000248	GML000248_mRNA1	PF00459.31,PF00890.31,PF01266.31,PF12831.14,PF16901.11	Complete	None
GML000248	GML000248_mRNA2	PF00890.31,PF01266.31,PF12831.14,PF16901.11	Complete	Loss
GML000249	GML000249_mRNA1	PF00459.31	Partial	None
GML000250	GML000250_mRNA1	PF00789.27,PF14555.13	Complete	None
GML000251	GML000251_mRNA1	PF00582.33	Complete	None
GML000252	GML000252_mRNA1		None	None
GML000253	GML000253_mRNA1	PF01269.24	Partial	None
GML000254	GML000254_mRNA1	PF03151.23,PF04142.22,PF05348.17	Complete	None
GML000254	GML000254_mRNA2	PF00892.27,PF04142.22,PF05348.17	Complete	Gain,Loss
GML000254	GML000254_mRNA3	PF00892.27,PF03151.23,PF04142.22	Partial	Gain,Loss
GML000255	GML000255_mRNA1	PF05348.17	Partial	None
GML000256	GML000256_mRNA1	PF02213.22	Complete	None
GML000256	GML000256_mRNA2	PF02213.22	Complete	Unchanged
GML000256	GML000256_mRNA3	PF02213.22	Complete	Unchanged
GML000257	GML000257_mRNA1	PF13840.13,PF13840.13	Complete	None
GML000258	GML000258_mRNA1	PF00106.32,PF00787.30,PF08659.17,PF09325.16,PF13561.13	Complete	None
GML000258	GML000258_mRNA2	PF00787.30,PF09325.16	Complete	Loss,Truncated
GML000259	GML000259_mRNA1		None	None
GML000259	GML000259_mRNA2		None	Unchanged
GML000260	GML000260_mRNA1	PF23190.2,PF23317.2	Partial	None
GML000261	GML000261_mRNA1		None	None
GML000262	GML000262_mRNA1	PF00176.30,PF00270.36,PF00271.38,PF04851.22,PF09110.17,PF09111.17,PF11496.15	Complete	None
GML000263	GML000263_mRNA1	PF00255.26	Partial	None
GML000264	GML000264_mRNA1	PF26545.1,PF28762.1	Complete	None
GML000264	GML000264_mRNA2	PF26545.1,PF28762.1	Complete	Unchanged
GML000265	GML000265_mRNA1	PF12271.15	Partial	None
GML000266	GML000266_mRNA1	PF00611.29,PF00620.33	Complete	None
GML000267	GML000267_mRNA1	PF05205.18	Partial	None
GML000268	GML000268_mRNA1	PF00888.30,PF10557.16,PF26557.1	Complete	None
GML000269	GML000269_mRNA1		None	None
GML000270	GML000270_mRNA1	PF00550.32	Partial	None
GML000271	GML000271_mRNA1	PF00164.32	Partial	None
GML000272	GML000272_mRNA1	PF04045.20	Partial	None
GML000273	GML000273_mRNA1	PF00069.32,PF03109.23,PF07714.24,PF14531.13	Partial	None
GML000273	GML000273_mRNA2	PF00069.32,PF03109.23,PF07714.24,PF14531.13	Partial	Unchanged
GML000274	GML000274_mRNA1	PF00136.27,PF03104.26,PF24055.3	Complete	None
GML000275	GML000275_mRNA1	PF00170.27,PF07716.21	Partial	None
GML000276	GML000276_mRNA1	PF00294.30,PF08543.18	Partial	None
GML000277	GML000277_mRNA1	PF02558.23,PF08546.18	Partial	None
GML000278	GML000278_mRNA1	PF00454.34	Partial	None
GML000279	GML000279_mRNA1	PF29143.1,PF29144.1	Partial	None
GML000280	GML000280_mRNA1	PF29143.1	Partial	None
GML000280	GML000280_mRNA2	PF29143.1	Partial	Unchanged
GML000281	GML000281_mRNA1	PF00939.26,PF03105.25,PF03600.23	Partial	None
GML000282	GML000282_mRNA1		None	None
GML000283	GML000283_mRNA1	PF00400.39,PF01546.34	Complete	None
GML000283	GML000283_mRNA2	PF01546.34	Partial	Loss,Truncated
GML000284	GML000284_mRNA1	PF00083.31,PF07690.22	Partial	None
GML000285	GML000285_mRNA1	PF10104.15	Complete	None
GML000285	GML000285_mRNA2	PF10104.15	Complete	Unchanged
GML000285	GML000285_mRNA3	PF10104.15	Complete	Unchanged
GML000286	GML000286_mRNA1	PF12333.15	Partial	None
GML000287	GML000287_mRNA1	PF01765.25	Partial	None
GML000288	GML000288_mRNA1	PF19036.7,PF19037.7,PF19038.7	Complete	None
GML000289	GML000289_mRNA1	PF00957.28,PF13774.14	Complete	None
GML000289	GML000289_mRNA2	PF00957.28,PF13774.14	Partial	Truncated
GML000290	GML000290_mRNA1	PF15251.12	Partial	None
GML000291	GML000291_mRNA1	PF24894.2,PF25084.2,PF25087.2	Complete	None
GML000292	GML000292_mRNA1	PF00004.36,PF07728.21,PF16450.12,PF17862.8	Complete	None
GML000293	GML000293_mRNA1	PF00036.39,PF00036.39,PF13202.13,PF13202.13,PF13405.13,PF13405.13,PF13499.13,PF13499.13,PF13833.13,PF13833.13,PF13833.13,PF22682.3	Complete	None
GML000293	GML000293_mRNA2	PF00036.39,PF00036.39,PF00036.39,PF13202.13,PF13202.13,PF13405.13,PF13405.13,PF13499.13,PF13499.13,PF13833.13,PF13833.13,PF13833.13	Complete	Loss
GML000294	GML000294_mRNA1	PF22682.3	Partial	None
GML000295	GML000295_mRNA1	PF01302.32	Partial	None
GML000296	GML000296_mRNA1	PF00534.27,PF08288.19,PF13439.13,PF13579.13,PF13692.13	Partial	None
GML000297	GML000297_mRNA1	PF03943.20,PF18444.9,PF22602.3,PF24048.2	Complete	None
GML000298	GML000298_mRNA1	PF00173.34	Partial	None
GML000299	GML000299_mRNA1	PF00583.32,PF13508.14,PF13673.14	Partial	None
GML000299	GML000299_mRNA2	PF00583.32,PF13508.14,PF13673.14	Partial	Unchanged
GML000300	GML000300_mRNA1	PF00226.37	Complete	None
GML000301	GML000301_mRNA1	PF01808.25,PF02142.28	Partial	None
GML000302	GML000302_mRNA1	PF00827.23	Partial	None
GML000303	GML000303_mRNA1		None	None
GML000304	GML000304_mRNA1	PF01370.28,PF08732.17,PF13460.13	Partial	None
GML000305	GML000305_mRNA1		None	None
GML000306	GML000306_mRNA1	PF03162.19	Partial	None
GML000307	GML000307_mRNA1	PF04145.21	Partial	None
GML000308	GML000308_mRNA1	PF04048.21,PF20652.4	Partial	None
GML000309	GML000309_mRNA1		None	None
GML000309	GML000309_mRNA2		None	Unchanged
GML000310	GML000310_mRNA1	PF08609.17,PF28415.2	Partial	None
GML000311	GML000311_mRNA1	PF00162.25	Partial	None
GML000312	GML000312_mRNA1	PF00501.35,PF13193.13	Complete	None
GML000313	GML000313_mRNA1		None	None
GML000314	GML000314_mRNA1	PF02628.21	Partial	None
GML000315	GML000315_mRNA1	PF05346.17	Partial	None
GML000316	GML000316_mRNA1	PF04181.19	Partial	None
GML000317	GML000317_mRNA1	PF28466.1	Partial	None
GML000317	GML000317_mRNA2	PF28466.1	Partial	Unchanged
GML000318	GML000318_mRNA1		None	None
GML000319	GML000319_mRNA1	PF00102.33,PF00782.26,PF14671.12,PF22741.2,PF22785.2	Complete	None
GML000320	GML000320_mRNA1	PF00241.26	Partial	None
GML000321	GML000321_mRNA1	PF00312.28,PF08069.18	Partial	None
GML000322	GML000322_mRNA1	PF01176.27	Partial	None
GML000323	GML000323_mRNA1	PF12243.15,PF12350.14	Complete	None
GML000324	GML000324_mRNA1	PF00982.28,PF00982.28	Partial	None
GML000324	GML000324_mRNA2	PF00982.28,PF00982.28	Partial	Unchanged
GML000325	GML000325_mRNA1	PF01026.28	Partial	None
GML000326	GML000326_mRNA1	PF00121.25	Partial	None
GML000327	GML000327_mRNA1	PF00300.28	Partial	None
GML000328	GML000328_mRNA1	PF01398.27,PF19445.5	Partial	None
GML000329	GML000329_mRNA1	PF00152.26,PF01336.32	Partial	None
GML000330	GML000330_mRNA1	PF01728.26	Partial	None
GML000331	GML000331_mRNA1	PF00338.28	Partial	None
GML000332	GML000332_mRNA1	PF12678.14,PF13639.13	Complete	None
GML000332	GML000332_mRNA2	PF12678.14,PF13639.13	Complete	Unchanged
GML000333	GML000333_mRNA1		None	None
GML000334	GML000334_mRNA1	PF01565.29,PF02913.25	Partial	None
GML000335	GML000335_mRNA1	PF04055.28,PF06968.19	Complete	None
GML000336	GML000336_mRNA1	PF01776.23	Partial	None
GML000337	GML000337_mRNA1	PF00155.28,PF04130.19,PF17681.7	Complete	None
GML000338	GML000338_mRNA1	PF00153.33,PF00153.33,PF00153.33	Complete	None
GML000339	GML000339_mRNA1	PF00149.34	Partial	None
GML000339	GML000339_mRNA2	PF00149.34	Partial	Unchanged
GML000340	GML000340_mRNA1	PF01073.26,PF01370.28,PF05368.20,PF13460.13	Partial	None
GML000341	GML000341_mRNA1	PF09349.16	Partial	None
GML000342	GML000342_mRNA1	PF00006.32,PF02874.30,PF16886.12,PF22919.2	Complete	None
GML000343	GML000343_mRNA1		None	None
GML000344	GML000344_mRNA1	PF10173.15	Partial	None
GML000345	GML000345_mRNA1	PF30036.1	Partial	None
GML000346	GML000346_mRNA1	PF00888.30,PF10557.16,PF26557.1	Complete	None
GML000347	GML000347_mRNA1	PF00400.39,PF00400.39,PF00400.39	Complete	None
GML000348	GML000348_mRNA1	PF00176.30,PF00271.38	Complete	None
GML000349	GML000349_mRNA1		None	None
GML000350	GML000350_mRNA1	PF00005.34,PF00005.34,PF00664.29,PF00664.29	Complete	None
GML000350	GML000350_mRNA2	PF00005.34,PF00005.34,PF00664.29,PF00664.29	Complete	Unchanged
GML000351	GML000351_mRNA1		None	None
GML000352	GML000352_mRNA1	PF03097.25,PF13949.12	Complete	None
GML000353	GML000353_mRNA1	PF00722.29	Partial	None
GML000353	GML000353_mRNA2	PF00722.29	Partial	Unchanged
GML000354	GML000354_mRNA1	PF00149.34,PF00400.39,PF00400.39,PF00400.39,PF00400.39,PF00400.39,PF04053.21,PF06957.18,PF08321.19,PF13414.13,PF23953.2	Complete	None
GML000354	GML000354_mRNA2	PF00400.39,PF00400.39,PF00400.39,PF00400.39,PF00400.39,PF04053.21,PF06957.18,PF23953.2	Complete	Loss
GML000355	GML000355_mRNA1	PF00149.34,PF08321.19,PF13181.13,PF13181.13,PF13414.13	Partial	None
GML000356	GML000356_mRNA1		None	None
GML000357	GML000357_mRNA1	PF10384.15	Partial	None
GML000358	GML000358_mRNA1	PF00004.36,PF01434.25,PF06480.21,PF17862.8	Complete	None
GML000359	GML000359_mRNA1		None	None
GML000360	GML000360_mRNA1	PF01793.24,PF01793.24	Partial	None
GML000361	GML000361_mRNA1	PF01793.24	Partial	None
GML000362	GML000362_mRNA1	PF05020.21,PF05021.21,PF11543.16	Partial	None
GML000363	GML000363_mRNA1	PF00012.27,PF06723.20	Partial	None
GML000364	GML000364_mRNA1	PF00069.32,PF00069.32,PF07714.24	Complete	None
GML000365	GML000365_mRNA1	PF00583.32,PF04055.28,PF13673.14,PF16199.11,PF23613.2	Complete	None
GML000365	GML000365_mRNA2	PF00583.32,PF04055.28,PF13673.14,PF16199.11,PF23613.2	Complete	Unchanged
GML000366	GML000366_mRNA1	PF07961.18	Partial	None
GML000367	GML000367_mRNA1	PF18044.8	Complete	None
GML000368	GML000368_mRNA1	PF01926.30,PF02421.25,PF06858.21,PF08155.17,PF17835.7	Complete	None
GML000369	GML000369_mRNA1	PF00043.31,PF00647.25,PF03452.21,PF13410.12,PF14497.12	Complete	None
GML000369	GML000369_mRNA2	PF00043.31,PF00647.25,PF13410.12,PF14497.12	Complete	Loss
GML000370	GML000370_mRNA1	PF03452.21	Partial	None
GML000371	GML000371_mRNA1	PF00172.24	Partial	None
GML000371	GML000371_mRNA2		None	Loss
GML000372	GML000372_mRNA1		None	None
GML000372	GML000372_mRNA2		None	Unchanged
GML000373	GML000373_mRNA1	PF00172.24,PF04082.24	Partial	None
GML000374	GML000374_mRNA1	PF02441.26	Partial	None
GML000375	GML000375_mRNA1	PF00687.27	Partial	None
GML000376	GML000376_mRNA1	PF01728.26	Partial	None
GML000376	GML000376_mRNA2	PF01728.26	Partial	Unchanged
GML000377	GML000377_mRNA1	PF00400.39,PF00400.39,PF00400.39,PF00400.39,PF00400.39,PF04053.21,PF23953.2	Complete	None
GML000378	GML000378_mRNA1	PF00534.27,PF15924.12	Complete	None
GML000379	GML000379_mRNA1		None	None
GML000379	GML000379_mRNA2		None	Unchanged
GML000380	GML000380_mRNA1	PF00557.30	Partial	None
GML000381	GML000381_mRNA1	PF00635.33	Partial	None
GML000381	GML000381_mRNA2	PF00635.33	Partial	Unchanged
GML000382	GML000382_mRNA1	PF01786.25	Partial	None
GML000382	GML000382_mRNA2	PF01786.25	Partial	Unchanged
GML000383	GML000383_mRNA1	PF00018.35,PF07653.24,PF14604.13	Complete	None
GML000384	GML000384_mRNA1		None	None
GML000385	GML000385_mRNA1	PF02696.20	Partial	None
GML000385	GML000385_mRNA2	PF02696.20	Partial	Unchanged
GML000386	GML000386_mRNA1	PF08501.17	Partial	None
GML000387	GML000387_mRNA1	PF11051.15	Partial	None
GML000388	GML000388_mRNA1	PF07690.22	Partial	None
GML000389	GML000389_mRNA1	PF00795.28	Partial	None
GML000390	GML000390_mRNA1	PF00561.27,PF12146.16,PF12697.14	Partial	None
GML000391	GML000391_mRNA1	PF00004.36,PF00004.36,PF05496.19,PF17862.8,PF17862.8	Complete	None
GML000392	GML000392_mRNA1	PF04119.18	Partial	None
GML000393	GML000393_mRNA1	PF27577.1	Complete	None
GML000393	GML000393_mRNA2	PF27577.1	Complete	Unchanged
GML000394	GML000394_mRNA1		None	None
GML000394	GML000394_mRNA2		None	Unchanged
GML000395	GML000395_mRNA1	PF04118.21,PF24597.2,PF24598.2	Complete	None
GML000396	GML000396_mRNA1	PF01738.25,PF02230.23,PF03959.20	Partial	None
GML000397	GML000397_mRNA1	PF01207.24	Partial	None
GML000398	GML000398_mRNA1	PF00096.33,PF00096.33,PF04082.24	Complete	None
GML000399	GML000399_mRNA1	PF02548.22	Partial	None
GML000399	GML000399_mRNA2	PF02548.22	Partial	Unchanged
GML000400	GML000400_mRNA1	PF00903.32,PF00903.32	Complete	None
GML000400	GML000400_mRNA2	PF00903.32,PF00903.32	Partial	Truncated
GML000401	GML000401_mRNA1	PF00462.31	Partial	None
GML000401	GML000401_mRNA2	PF00462.31	Partial	Unchanged
GML000402	GML000402_mRNA1	PF00481.27,PF00481.27	Partial	None
GML000403	GML000403_mRNA1	PF00203.27	Partial	None
GML000403	GML000403_mRNA2		None	Loss
GML000404	GML000404_mRNA1	PF00270.36,PF00271.38,PF04851.22	Complete	None
GML000405	GML000405_mRNA1	PF07690.22	Partial	None
GML000406	GML000406_mRNA1	PF02384.23,PF09445.17,PF13649.13,PF13847.13	Partial	None
GML000407	GML000407_mRNA1	PF14551.12,PF17207.10	Partial	None
GML000408	GML000408_mRNA1	PF03914.24,PF26702.1	Complete	None
GML000409	GML000409_mRNA1	PF01157.25	Partial	None
GML000409	GML000409_mRNA2	PF01157.25	Partial	Unchanged
GML000410	GML000410_mRNA1	PF04676.20,PF04677.21	Complete	None
GML000411	GML000411_mRNA1	PF00856.34	Partial	None
GML000411	GML000411_mRNA2	PF00856.34	Partial	Unchanged
GML000412	GML000412_mRNA1	PF00324.28,PF13520.13	Partial	None
GML000412	GML000412_mRNA2	PF00324.28,PF13520.13	Partial	Unchanged
GML000413	GML000413_mRNA1	PF00324.28,PF13520.13	Partial	None
GML000414	GML000414_mRNA1	PF12550.14	Complete	None
GML000415	GML000415_mRNA1	PF00012.27,PF06723.20	Partial	None
GML000416	GML000416_mRNA1	PF29317.1	Partial	None
GML000417	GML000417_mRNA1	PF00026.29,PF14543.12	Partial	None
GML000418	GML000418_mRNA1	PF28394.1	Complete	None
GML000418	GML000418_mRNA2	PF28394.1	Complete	Unchanged
GML000419	GML000419_mRNA1	PF00270.36,PF00271.38,PF09369.16,PF22982.4	Complete	None
GML000419	GML000419_mRNA2	PF00270.36,PF00271.38,PF09369.16,PF22982.4	Complete	Unchanged
GML000420	GML000420_mRNA1	PF01602.27,PF12717.14	Partial	None
GML000421	GML000421_mRNA1	PF01875.24	Partial	None
GML000422	GML000422_mRNA1	PF02115.24	Partial	None
GML000423	GML000423_mRNA1	PF00069.32,PF07714.24	Partial	None
GML000424	GML000424_mRNA1	PF00575.30,PF07541.18	Partial	None
GML000425	GML000425_mRNA1		None	None
GML000426	GML000426_mRNA1	PF07690.22	Partial	None
GML000427	GML000427_mRNA1		None	None
GML000427	GML000427_mRNA2		None	Unchanged
GML000428	GML000428_mRNA1	PF00491.27	Partial	None
GML000428	GML000428_mRNA2	PF00491.27	Partial	Unchanged
GML000429	GML000429_mRNA1	PF04515.19	Partial	None
GML000430	GML000430_mRNA1	PF12850.13	Partial	None
GML000431	GML000431_mRNA1	PF04153.25	Partial	None
GML000432	GML000432_mRNA1		None	None
GML000432	GML000432_mRNA2		None	Unchanged
GML000433	GML000433_mRNA1		None	None
GML000433	GML000433_mRNA2		None	Unchanged
GML000434	GML000434_mRNA1	PF00439.31,PF00439.31,PF01426.25,PF02146.24	Complete	None
GML000434	GML000434_mRNA2	PF00439.31,PF00439.31,PF01426.25,PF02146.24	Complete	Unchanged
GML000435	GML000435_mRNA1	PF00332.25,PF29664.1	Partial	None
GML000435	GML000435_mRNA2	PF00332.25,PF29664.1	Partial	Unchanged
GML000436	GML000436_mRNA1	PF03908.19,PF12352.14,PF27021.1	Complete	None
GML000437	GML000437_mRNA1	PF07798.17	Partial	None
GML000438	GML000438_mRNA1	PF13540.13	Complete	None
GML000438	GML000438_mRNA2	PF13540.13	Complete	Unchanged
GML000439	GML000439_mRNA1	PF03332.20,PF08282.19	Partial	None
GML000440	GML000440_mRNA1	PF00252.25	Partial	None
GML000441	GML000441_mRNA1	PF12171.15	Complete	None
GML000441	GML000441_mRNA2	PF12171.15	Complete	Unchanged
GML000442	GML000442_mRNA1	PF21403.5,PF24560.2	Complete	None
GML000443	GML000443_mRNA1	PF08164.18,PF13339.12	Complete	None
GML000444	GML000444_mRNA1	PF00416.28	Partial	None
GML000445	GML000445_mRNA1	PF12326.14,PF12326.14	Complete	None
GML000445	GML000445_mRNA2	PF12326.14,PF12326.14	Complete	Unchanged
GML000446	GML000446_mRNA1	PF00261.26	Partial	None
GML000446	GML000446_mRNA2	PF00261.26,PF00261.26	Partial	Unchanged
GML000447	GML000447_mRNA1	PF01423.29	Partial	None
GML000448	GML000448_mRNA1	PF10791.15	Partial	None
GML000449	GML000449_mRNA1	PF00069.32,PF02149.26,PF03109.23,PF07714.24	Complete	None
GML000450	GML000450_mRNA1	PF29355.1	Partial	None
GML000451	GML000451_mRNA1		None	None
GML000451	GML000451_mRNA2		None	Unchanged
GML000452	GML000452_mRNA1	PF08613.17	Partial	None
GML000452	GML000452_mRNA2	PF08613.17	Complete	Extended
GML000453	GML000453_mRNA1	PF00004.36,PF04950.19,PF08142.19	Complete	None
GML000453	GML000453_mRNA2	PF00004.36,PF04950.19,PF08142.19	Complete	Unchanged
GML000454	GML000454_mRNA1	PF28989.1	Partial	None
GML000455	GML000455_mRNA1	PF06011.18,PF14558.12	Partial	None
GML000456	GML000456_mRNA1		None	None
GML000457	GML000457_mRNA1	PF00004.36,PF02190.23,PF05362.20,PF07724.21,PF07728.21,PF22667.3	Complete	None
GML000458	GML000458_mRNA1	PF08241.19,PF08242.19,PF13489.13,PF13847.13	Partial	None
GML000458	GML000458_mRNA2	PF08241.19,PF08242.19,PF13489.13,PF13847.13	Partial	Unchanged
GML000459	GML000459_mRNA1	PF13762.13	Complete	None
GML000460	GML000460_mRNA1		None	None
GML000461	GML000461_mRNA1		None	None
GML000462	GML000462_mRNA1	PF23579.2,PF25767.2	Partial	None
GML000462	GML000462_mRNA2	PF23579.2,PF25767.2	Partial	Unchanged
GML000463	GML000463_mRNA1		None	None
GML000464	GML000464_mRNA1		None	None
GML000464	GML000464_mRNA2		None	Unchanged
GML000465	GML000465_mRNA1	PF00107.33,PF08240.18,PF16912.12	Partial	None
GML000466	GML000466_mRNA1	PF00172.24	Partial	None
GML000467	GML000467_mRNA1	PF00205.29,PF02775.27,PF02776.24	Complete	None
GML000468	GML000468_mRNA1	PF00909.27	Partial	None
GML000469	GML000469_mRNA1	PF02582.20	Partial	None
GML000470	GML000470_mRNA1	PF01380.28,PF01380.28,PF13522.13,PF13537.12	Complete	None
GML000471	GML000471_mRNA1		None	None
GML000472	GML000472_mRNA1	PF00069.32,PF07714.24	Partial	None
GML000473	GML000473_mRNA1	PF00025.28,PF00503.27	Complete	None
GML000474	GML000474_mRNA1		None	None
GML000474	GML000474_mRNA2		None	Unchanged
GML000474	GML000474_mRNA3		None	Unchanged
GML000475	GML000475_mRNA1	PF02127.21	Partial	None
GML000476	GML000476_mRNA1	PF01916.24	Partial	None
GML000477	GML000477_mRNA1	PF05071.22	Partial	None
GML000478	GML000478_mRNA1		None	None
GML000479	GML000479_mRNA1		None	None
GML000479	GML000479_mRNA2		None	Unchanged
GML000480	GML000480_mRNA1		None	None
GML000481	GML000481_mRNA1	PF05433.21	Partial	None
GML000482	GML000482_mRNA1	PF10288.15	Complete	None
GML000483	GML000483_mRNA1	PF05841.17	Partial	None
GML000484	GML000484_mRNA1	PF00782.26,PF04179.18	Partial	None
GML000485	GML000485_mRNA1	PF00083.31,PF07690.22	Partial	None
GML000486	GML000486_mRNA1	PF01230.30,PF11969.14,PF16278.12	Partial	None
GML000487	GML000487_mRNA1	PF08636.16	Partial	None
GML000488	GML000488_mRNA1	PF14570.13	Partial	None
GML000489	GML000489_mRNA1		None	None
GML000490	GML000490_mRNA1		None	None
GML000491	GML000491_mRNA1	PF00133.29,PF08264.20,PF09334.18	Complete	None
GML000492	GML000492_mRNA1	PF00285.27	Partial	None
GML000493	GML000493_mRNA1	PF09810.16	Partial	None
GML000494	GML000494_mRNA1	PF28255.1	Partial	None
GML000495	GML000495_mRNA1		None	None
GML000495	GML000495_mRNA2		None	Unchanged
GML000496	GML000496_mRNA1		None	None
GML000497	GML000497_mRNA1	PF00107.33,PF08240.18	Partial	None
GML000498	GML000498_mRNA1		None	None
GML000499	GML000499_mRNA1	PF00083.31,PF07690.22	Partial	None
GML000500	GML000500_mRNA1	PF00083.31,PF07690.22	Partial	None
GML000501	GML000501_mRNA1	PF00781.30,PF03159.25,PF17846.7	Complete	None
GML000501	GML000501_mRNA2	PF00781.30	Partial	Loss,Truncated
GML000502	GML000502_mRNA1	PF00083.31,PF07690.22	Partial	None
GML000503	GML000503_mRNA1		None	None
GML000504	GML000504_mRNA1	PF25785.2	Complete	None
GML000505	GML000505_mRNA1	PF13638.13	Complete	None
GML000506	GML000506_mRNA1	PF00324.28,PF13520.13	Partial	None
GML000507	GML000507_mRNA1		None	None
GML000508	GML000508_mRNA1	PF11894.15,PF11894.15	Partial	None
GML000509	GML000509_mRNA1	PF00067.28	Partial	None
GML000509	GML000509_mRNA2	PF00067.28	Partial	Unchanged
GML000510	GML000510_mRNA1	PF01293.26	Partial	None
GML000511	GML000511_mRNA1	PF00933.28	Partial	None
GML000511	GML000511_mRNA2	PF00933.28	Partial	Unchanged
GML000511	GML000511_mRNA3	PF00933.28	Partial	Unchanged
GML000511	GML000511_mRNA4	PF00933.28	Partial	Unchanged
GML000512	GML000512_mRNA1	PF00867.24	Partial	None
GML000513	GML000513_mRNA1	PF03095.21	Partial	None
GML000513	GML000513_mRNA2	PF03095.21	Partial	Unchanged
GML000514	GML000514_mRNA1	PF13639.13,PF22958.3,PF22999.3,PF23009.2	Complete	None
GML000515	GML000515_mRNA1	PF04082.24	Partial	None
GML000516	GML000516_mRNA1	PF05970.21,PF09848.16,PF13245.13,PF13401.13,PF13604.13	Partial	None
GML000517	GML000517_mRNA1	PF02181.29,PF06367.23,PF06371.20	Complete	None
GML000517	GML000517_mRNA2	PF02181.29,PF06367.23,PF06371.20	Complete	Unchanged
GML000518	GML000518_mRNA1	PF00763.29,PF01268.26,PF02882.26	Partial	None
GML000519	GML000519_mRNA1	PF13460.13	Partial	None
GML000520	GML000520_mRNA1	PF10513.15	Partial	None
GML000521	GML000521_mRNA1		None	None
GML000522	GML000522_mRNA1	PF00400.39	Complete	None
GML000523	GML000523_mRNA1	PF00069.32,PF07714.24	Partial	None
GML000524	GML000524_mRNA1	PF00155.28	Partial	None
GML000524	GML000524_mRNA2	PF00155.28	Partial	Unchanged
GML000525	GML000525_mRNA1	PF05224.18	Complete	None
GML000526	GML000526_mRNA1	PF00172.24,PF04082.24,PF07690.22	Complete	None
GML000526	GML000526_mRNA2	PF07690.22	Partial	Loss
GML000527	GML000527_mRNA1	PF00172.24,PF04082.24	Partial	None
GML000528	GML000528_mRNA1	PF00172.24	Partial	None
GML000529	GML000529_mRNA1	PF00389.37,PF02826.26	Partial	None
GML000530	GML000530_mRNA1	PF13085.12,PF13183.12,PF13237.12,PF13534.12	Complete	None
GML000530	GML000530_mRNA2	PF13085.12,PF13183.12,PF13237.12,PF13534.12	Complete	Unchanged
GML000531	GML000531_mRNA1	PF01168.27,PF14031.14	Complete	None
GML000532	GML000532_mRNA1	PF00042.29,PF00175.27	Complete	None
GML000532	GML000532_mRNA2	PF00042.29,PF00175.27	Complete	Unchanged
GML000533	GML000533_mRNA1	PF03060.22	Partial	None
GML000534	GML000534_mRNA1		None	None
GML000535	GML000535_mRNA1		None	None
GML000535	GML000535_mRNA2		None	Unchanged
GML000536	GML000536_mRNA1		None	None
GML000537	GML000537_mRNA1	PF04387.20	Partial	None
GML000538	GML000538_mRNA1	PF00226.37	Partial	None
GML000539	GML000539_mRNA1	PF04499.21	Partial	None
GML000540	GML000540_mRNA1	PF00653.28,PF03224.21,PF11698.15	Complete	None
GML000540	GML000540_mRNA2	PF03224.21,PF11698.15	Complete	Loss
GML000541	GML000541_mRNA1	PF00653.28	Partial	None
GML000541	GML000541_mRNA2	PF00653.28	Partial	Unchanged
GML000542	GML000542_mRNA1	PF00009.34,PF08938.17,PF22594.3	Complete	None
GML000542	GML000542_mRNA2	PF00009.34,PF08938.17,PF22594.3	Complete	Unchanged
GML000543	GML000543_mRNA1	PF10496.15	Partial	None
GML000544	GML000544_mRNA1	PF01596.24,PF13578.13	Partial	None
GML000545	GML000545_mRNA1	PF08231.18	Partial	None
GML000546	GML000546_mRNA1		None	None
GML000547	GML000547_mRNA1	PF00005.34,PF00664.29	Complete	None
GML000547	GML000547_mRNA2	PF00005.34,PF00664.29	Complete	Unchanged
GML000547	GML000547_mRNA3	PF00005.34,PF00664.29	Complete	Unchanged
GML000548	GML000548_mRNA1	PF00201.25,PF02893.27,PF03033.27,PF06722.19	Complete	None
GML000549	GML000549_mRNA1	PF00561.27	Partial	None
GML000550	GML000550_mRNA1		None	None
GML000551	GML000551_mRNA1		None	None
GML000551	GML000551_mRNA2		None	Unchanged
GML000552	GML000552_mRNA1	PF00400.39,PF00400.39,PF00400.39	Complete	None
GML000552	GML000552_mRNA2	PF00400.39,PF00400.39,PF00400.39	Complete	Unchanged
GML000553	GML000553_mRNA1	PF00085.27,PF00085.27,PF13848.13	Complete	None
GML000554	GML000554_mRNA1	PF02466.25	Partial	None
GML000555	GML000555_mRNA1	PF05383.24	Complete	None
GML000555	GML000555_mRNA2		None	Loss
GML000556	GML000556_mRNA1		None	None
GML000557	GML000557_mRNA1	PF00955.28,PF00955.28	Partial	None
GML000557	GML000557_mRNA2	PF00955.28,PF00955.28	Partial	Unchanged
GML000558	GML000558_mRNA1	PF01112.24	Partial	None
GML000559	GML000559_mRNA1	PF01246.27	Partial	None
GML000560	GML000560_mRNA1	PF01248.32	Partial	None
GML000561	GML000561_mRNA1	PF08657.16,PF08657.16	Partial	None
GML000562	GML000562_mRNA1	PF00814.32	Partial	None
GML000563	GML000563_mRNA1	PF02845.23	Partial	None
GML000564	GML000564_mRNA1	PF00169.36,PF00169.36,PF14593.13	Partial	None
GML000565	GML000565_mRNA1	PF00004.36,PF03215.22,PF05496.19,PF08542.17,PF13177.13	Complete	None
GML000565	GML000565_mRNA2	PF00004.36,PF05496.19,PF08542.17,PF13177.13	Complete	Loss
GML000566	GML000566_mRNA1	PF12929.13	Partial	None
GML000567	GML000567_mRNA1	PF29926.1	Partial	None
GML000567	GML000567_mRNA2	PF29926.1	Partial	Unchanged
GML000568	GML000568_mRNA1		None	None
GML000569	GML000569_mRNA1	PF09748.15	Partial	None
GML000570	GML000570_mRNA1		None	None
GML000571	GML000571_mRNA1		None	None
GML000572	GML000572_mRNA1	PF29078.1	Complete	None
GML000573	GML000573_mRNA1	PF08718.17	Partial	None
GML000574	GML000574_mRNA1	PF05347.22,PF13233.13	Partial	None
GML000575	GML000575_mRNA1		None	None
GML000576	GML000576_mRNA1		None	None
GML000577	GML000577_mRNA1		None	None
GML000578	GML000578_mRNA1	PF00097.32,PF11145.15,PF12678.14,PF13639.13,PF13923.13	Complete	None
GML000579	GML000579_mRNA1	PF00171.28,PF00171.28	Partial	None
GML000580	GML000580_mRNA1	PF01822.25	Partial	None
GML000581	GML000581_mRNA1	PF10303.15,PF10303.15	Complete	None
GML000581	GML000581_mRNA2	PF10303.15,PF10303.15	Complete	Unchanged
GML000582	GML000582_mRNA1	PF08559.16	Partial	None
GML000583	GML000583_mRNA1	PF00400.39,PF08149.17	Complete	None
GML000584	GML000584_mRNA1	PF01180.28	Partial	None
GML000585	GML000585_mRNA1	PF08653.16	Partial	None
GML000586	GML000586_mRNA1	PF08690.16	Partial	None
GML000586	GML000586_mRNA2	PF08690.16	Partial	Unchanged
GML000587	GML000587_mRNA1	PF02104.21	Partial	None
GML000588	GML000588_mRNA1	PF01798.24,PF08156.19	Partial	None
GML000589	GML000589_mRNA1	PF17316.8	Partial	None
GML000590	GML000590_mRNA1	PF00172.24,PF11951.14	Complete	None
GML000591	GML000591_mRNA1	PF00179.32	Partial	None
GML000591	GML000591_mRNA2		None	Loss
GML000592	GML000592_mRNA1	PF00439.31,PF07524.20	Complete	None
GML000593	GML000593_mRNA1		None	None
GML000594	GML000594_mRNA1	PF00415.25,PF13540.13	Complete	None
GML000594	GML000594_mRNA2	PF00415.25,PF13540.13	Complete	Unchanged
GML000595	GML000595_mRNA1	PF01035.27	Partial	None
GML000596	GML000596_mRNA1	PF13824.13,PF20179.4	Partial	None
GML000596	GML000596_mRNA2		None	Loss
GML000597	GML000597_mRNA1	PF07915.20	Complete	None
GML000598	GML000598_mRNA1		None	None
GML000599	GML000599_mRNA1	PF04037.19,PF04046.22	Complete	None
GML000600	GML000600_mRNA1	PF00172.24	Partial	None
GML000601	GML000601_mRNA1	PF00111.33,PF00384.28,PF09326.17,PF10588.15,PF13510.12,PF22117.3,PF22151.3	Complete	None
GML000601	GML000601_mRNA2	PF00111.33,PF00384.28,PF09326.17,PF10588.15,PF13510.12,PF22117.3,PF22151.3	Complete	Unchanged
GML000602	GML000602_mRNA1	PF21203.3	Partial	None
GML000603	GML000603_mRNA1	PF00704.35	Partial	None
GML000604	GML000604_mRNA1	PF01658.23,PF07994.19	Complete	None
GML000605	GML000605_mRNA1	PF00501.35	Partial	None
GML000606	GML000606_mRNA1	PF00710.26,PF17763.7	Complete	None
GML000607	GML000607_mRNA1	PF02297.23	Partial	None
GML000607	GML000607_mRNA2	PF02297.23	Partial	Unchanged
GML000608	GML000608_mRNA1	PF08626.17,PF26251.1,PF26254.1,PF26280.1,PF26282.1,PF26283.1	Complete	None
GML000609	GML000609_mRNA1	PF00227.32,PF12465.14	Complete	None
GML000610	GML000610_mRNA1	PF08327.18,PF09229.18	Partial	None
GML000610	GML000610_mRNA2	PF08327.18,PF09229.18	Partial	Unchanged
GML000611	GML000611_mRNA1	PF00107.33,PF08240.18	Partial	None
GML000612	GML000612_mRNA1		None	None
GML000613	GML000613_mRNA1	PF00180.26	Partial	None
GML000614	GML000614_mRNA1	PF00551.25	Partial	None
GML000615	GML000615_mRNA1	PF00009.34,PF00679.31,PF03144.32,PF03764.25,PF14492.13,PF22042.3	Complete	None
GML000615	GML000615_mRNA2	PF00009.34,PF00679.31,PF03144.32,PF03764.25,PF14492.13,PF22042.3	Complete	Unchanged
GML000616	GML000616_mRNA1		None	None
GML000617	GML000617_mRNA1	PF01179.28,PF02727.22,PF02728.23	Partial	None
GML000618	GML000618_mRNA1	PF04252.19	Partial	None
GML000619	GML000619_mRNA1	PF02825.27,PF02862.23,PF23463.2,PF23465.2	Complete	None
GML000619	GML000619_mRNA2	PF02825.27,PF02862.23,PF23463.2,PF23465.2	Complete	Truncated
GML000620	GML000620_mRNA1	PF00587.31,PF02824.28,PF03129.26,PF07973.20	Complete	None
GML000621	GML000621_mRNA1	PF00238.25	Partial	None
GML000622	GML000622_mRNA1	PF01205.26	Partial	None
GML000622	GML000622_mRNA2	PF01205.26	Partial	Unchanged
GML000623	GML000623_mRNA1	PF01565.29,PF02913.25	Partial	None
GML000624	GML000624_mRNA1	PF00501.35	Partial	None
GML000625	GML000625_mRNA1	PF01613.25	Partial	None
GML000626	GML000626_mRNA1	PF01220.26	Partial	None
GML000627	GML000627_mRNA1	PF09754.16	Partial	None
GML000628	GML000628_mRNA1	PF08731.18,PF08731.18	Partial	None
GML000628	GML000628_mRNA2		None	Loss
GML000629	GML000629_mRNA1	PF00542.25,PF16320.11	Partial	None
GML000630	GML000630_mRNA1	PF01096.24,PF02150.22	Complete	None
GML000631	GML000631_mRNA1	PF00069.32,PF07714.24	Partial	None
GML000631	GML000631_mRNA2	PF00069.32,PF07714.24	Partial	Unchanged
GML000632	GML000632_mRNA1	PF01566.26	Partial	None
GML000633	GML000633_mRNA1		None	None
GML000634	GML000634_mRNA1		None	None
GML000635	GML000635_mRNA1	PF00069.32,PF07714.24	Partial	None
GML000636	GML000636_mRNA1	PF00097.32,PF00271.38,PF13639.13,PF13920.13,PF13923.13,PF26021.1	Complete	None
GML000637	GML000637_mRNA1	PF01336.32,PF08784.18	Partial	None
GML000638	GML000638_mRNA1	PF00083.31,PF07690.22	Partial	None
GML000639	GML000639_mRNA1		None	None
GML000640	GML000640_mRNA1	PF29592.1	Partial	None
GML000641	GML000641_mRNA1	PF00173.34,PF00487.31	Complete	None
GML000641	GML000641_mRNA2	PF00173.34,PF00487.31	Complete	Unchanged
GML000642	GML000642_mRNA1	PF00571.34,PF00571.34	Complete	None
GML000643	GML000643_mRNA1	PF00107.33,PF08240.18,PF13602.13	Partial	None
GML000644	GML000644_mRNA1	PF00076.29,PF00076.29	Partial	None
GML000645	GML000645_mRNA1	PF04438.23,PF25790.2	Partial	None
GML000645	GML000645_mRNA2	PF04438.23,PF25790.2	Partial	Unchanged
GML000646	GML000646_mRNA1	PF01281.26	Partial	None
GML000647	GML000647_mRNA1	PF10494.16	Partial	None
GML000648	GML000648_mRNA1	PF00023.37,PF07946.20,PF12796.14,PF13606.13,PF13637.13,PF13637.13,PF13857.13	Partial	None
GML000648	GML000648_mRNA2	PF00023.37,PF07946.20,PF12796.14,PF13637.13,PF13857.13	Partial	Loss
GML000648	GML000648_mRNA3	PF00023.37,PF12796.14,PF13606.13,PF13637.13,PF13637.13,PF13857.13	Partial	Loss
GML000649	GML000649_mRNA1	PF07946.20	Partial	None
GML000649	GML000649_mRNA2	PF07946.20	Partial	Unchanged
GML000650	GML000650_mRNA1	PF09768.16	Partial	None
GML000651	GML000651_mRNA1		None	None
GML000652	GML000652_mRNA1	PF08241.19,PF08242.19,PF12589.14,PF13649.13	Complete	None
GML000652	GML000652_mRNA2	PF08241.19,PF08242.19,PF12589.14,PF13649.13	Complete	Unchanged
GML000653	GML000653_mRNA1	PF01245.27	Partial	None
GML000653	GML000653_mRNA2	PF01245.27	Partial	Unchanged
GML000654	GML000654_mRNA1	PF05303.18	Partial	None
GML000655	GML000655_mRNA1		None	None
GML000656	GML000656_mRNA1	PF05730.17	Partial	None
GML000657	GML000657_mRNA1		None	None
GML000658	GML000658_mRNA1	PF00005.34,PF00005.34,PF00005.34,PF17947.7,PF24984.2,PF24987.2	Complete	None
GML000659	GML000659_mRNA1	PF00909.27,PF00909.27,PF01735.24,PF01735.24	Complete	None
GML000659	GML000659_mRNA2	PF00909.27	Partial	Loss,Truncated
GML000660	GML000660_mRNA1	PF00153.33,PF00153.33,PF00153.33	Complete	None
GML000661	GML000661_mRNA1	PF03694.19	Partial	None
GML000662	GML000662_mRNA1	PF00027.36,PF00027.36,PF02197.23	Complete	None
GML000663	GML000663_mRNA1	PF00012.27,PF06723.20	Partial	None
GML000664	GML000664_mRNA1	PF04065.21	Partial	None
GML000665	GML000665_mRNA1		None	None
GML000666	GML000666_mRNA1	PF04757.20	Partial	None
GML000667	GML000667_mRNA1	PF01008.24	Partial	None
GML000668	GML000668_mRNA1	PF00122.26,PF13246.13,PF23143.2	Complete	None
GML000668	GML000668_mRNA2	PF00122.26,PF13246.13,PF23143.2	Complete	Unchanged
GML000668	GML000668_mRNA3	PF00122.26,PF13246.13,PF23143.2	Complete	Unchanged
GML000669	GML000669_mRNA1	PF16679.12	Complete	None
GML000669	GML000669_mRNA2	PF16679.12	Complete	Unchanged
GML000670	GML000670_mRNA1		None	None
GML000671	GML000671_mRNA1	PF00133.29,PF08264.20,PF09334.18,PF13603.13	Complete	None
GML000672	GML000672_mRNA1	PF01798.24,PF09785.15	Complete	None
GML000673	GML000673_mRNA1	PF01138.28,PF03725.21	Complete	None
GML000673	GML000673_mRNA2	PF01138.28,PF03725.21	Complete	Unchanged
GML000674	GML000674_mRNA1	PF00069.32,PF00069.32,PF00433.30,PF07714.24	Complete	None
GML000675	GML000675_mRNA1	PF00106.32,PF08659.17,PF13561.13	Partial	None
GML000676	GML000676_mRNA1	PF01184.25	Partial	None
GML000676	GML000676_mRNA2	PF01184.25	Partial	Unchanged
GML000677	GML000677_mRNA1	PF00176.30,PF00271.38,PF04851.22,PF25875.1	Complete	None
GML000678	GML000678_mRNA1	PF06999.18	Partial	None
GML000679	GML000679_mRNA1	PF04383.20	Complete	None
GML000680	GML000680_mRNA1	PF05529.18,PF18035.7	Complete	None
GML000681	GML000681_mRNA1	PF01544.24	Complete	None
GML000682	GML000682_mRNA1	PF00018.35,PF00248.28,PF00611.29,PF02229.23	Complete	None
GML000682	GML000682_mRNA2	PF00018.35,PF00248.28,PF00611.29,PF02229.23	Complete	Unchanged
GML000682	GML000682_mRNA3	PF02229.23	Partial	Loss,Truncated
GML000683	GML000683_mRNA1	PF01758.22,PF13593.12	Partial	None
GML000684	GML000684_mRNA1	PF00096.33,PF00096.33,PF13894.13	Complete	None
GML000685	GML000685_mRNA1	PF00125.31	Partial	None
GML000686	GML000686_mRNA1	PF28272.1	Partial	None
GML000687	GML000687_mRNA1	PF12757.13	Complete	None
GML000688	GML000688_mRNA1		None	None
GML000689	GML000689_mRNA1	PF00022.27	Partial	None
GML000689	GML000689_mRNA2	PF00022.27	Partial	Unchanged
GML000690	GML000690_mRNA1	PF01068.27,PF04675.20,PF04679.22	Complete	None
GML000690	GML000690_mRNA2	PF01068.27,PF04675.20,PF04679.22	Complete	Truncated
GML000691	GML000691_mRNA1	PF01553.27,PF30356.1	Partial	None
GML000692	GML000692_mRNA1	PF00106.32,PF00106.32,PF01575.26,PF08659.17,PF08659.17,PF13561.13,PF13561.13,PF22622.3	Complete	None
GML000693	GML000693_mRNA1	PF00581.26	Complete	None
GML000693	GML000693_mRNA2	PF00581.26	Partial	Truncated
GML000694	GML000694_mRNA1	PF00069.32,PF07714.24	Partial	None
GML000694	GML000694_mRNA2	PF00069.32,PF07714.24	Partial	Unchanged
GML000694	GML000694_mRNA3	PF00069.32,PF07714.24	Partial	Unchanged
GML000695	GML000695_mRNA1	PF00850.25	Partial	None
GML000696	GML000696_mRNA1	PF00227.32,PF10584.15	Partial	None
GML000697	GML000697_mRNA1	PF01222.23	Partial	None
GML000698	GML000698_mRNA1	PF00172.24,PF11951.14	Partial	None
GML000698	GML000698_mRNA2	PF00172.24,PF11951.14	Partial	Unchanged
GML000699	GML000699_mRNA1	PF00806.26,PF00806.26,PF00806.26,PF00806.26,PF00806.26,PF00806.26,PF00806.26	Complete	None
GML000699	GML000699_mRNA2	PF00806.26,PF00806.26,PF00806.26,PF00806.26,PF00806.26,PF00806.26,PF00806.26	Complete	Unchanged
GML000700	GML000700_mRNA1		None	None
GML000701	GML000701_mRNA1	PF00122.26,PF00702.33	Partial	None
GML000702	GML000702_mRNA1	PF01644.24,PF03142.22,PF08407.18,PF13632.13	Complete	None
GML000703	GML000703_mRNA1	PF12816.14,PF23410.5,PF23413.2	Complete	None
GML000704	GML000704_mRNA1	PF01105.30	Partial	None
GML000704	GML000704_mRNA2	PF01105.30	Partial	Unchanged
GML000705	GML000705_mRNA1	PF00400.39,PF00400.39	Partial	None
GML000706	GML000706_mRNA1	PF00250.25,PF00498.32	Complete	None
GML000706	GML000706_mRNA2	PF00250.25,PF00498.32	Complete	Unchanged
GML000707	GML000707_mRNA1	PF03178.22,PF10433.16,PF23726.2	Complete	None
GML000708	GML000708_mRNA1	PF10203.15	Partial	None
GML000708	GML000708_mRNA2	PF10203.15	Partial	Unchanged
GML000709	GML000709_mRNA1	PF00282.26,PF01212.28	Partial	None
GML000710	GML000710_mRNA1	PF05978.23,PF07690.22	Partial	None
GML000711	GML000711_mRNA1	PF12234.14	Partial	None
GML000712	GML000712_mRNA1	PF00795.28,PF01485.28,PF01485.28,PF05773.28	Complete	None
GML000712	GML000712_mRNA2	PF00795.28	Partial	Loss,Truncated
GML000713	GML000713_mRNA1		None	None
GML000714	GML000714_mRNA1	PF01467.33,PF01467.33,PF13430.12	Complete	None
GML000715	GML000715_mRNA1	PF00097.32,PF00642.31,PF13445.13,PF13639.13,PF13920.13,PF13923.13	Complete	None
GML000716	GML000716_mRNA1	PF00534.27,PF13692.13	Complete	None
GML000716	GML000716_mRNA2	PF00534.27,PF13692.13	Partial	Truncated
GML000717	GML000717_mRNA1	PF00533.34,PF00817.26,PF11799.14,PF16589.13,PF21999.3	Complete	None
GML000717	GML000717_mRNA2	PF00533.34,PF00817.26,PF11799.14,PF16589.13,PF21999.3	Complete	Unchanged
GML000717	GML000717_mRNA3	PF00533.34,PF00817.26,PF11799.14,PF16589.13,PF21999.3	Complete	Unchanged
GML000717	GML000717_mRNA4	PF00533.34,PF00817.26,PF11799.14,PF16589.13,PF21999.3	Complete	Unchanged
GML000718	GML000718_mRNA1	PF00036.39,PF00036.39,PF00036.39,PF00036.39,PF12763.14,PF13202.13,PF13202.13,PF13202.13,PF13202.13,PF13405.13,PF13405.13,PF13499.13,PF13499.13,PF13833.13,PF13833.13,PF13833.13	Complete	None
GML000718	GML000718_mRNA2	PF00036.39,PF00036.39,PF00036.39,PF00036.39,PF12763.14,PF13202.13,PF13202.13,PF13202.13,PF13202.13,PF13405.13,PF13405.13,PF13499.13,PF13499.13,PF13833.13,PF13833.13,PF13833.13	Complete	Unchanged
GML000719	GML000719_mRNA1	PF12051.15	Partial	None
GML000720	GML000720_mRNA1	PF02567.22,PF05544.17	Partial	None
GML000721	GML000721_mRNA1	PF02366.25,PF02815.26,PF16192.11	Complete	None
GML000722	GML000722_mRNA1		None	None
GML000723	GML000723_mRNA1	PF00125.31,PF00808.30	Complete	None
GML000724	GML000724_mRNA1	PF01161.27	Partial	None
GML000725	GML000725_mRNA1	PF02966.23	Partial	None
GML000726	GML000726_mRNA1		None	None
GML000726	GML000726_mRNA2		None	Unchanged
GML000727	GML000727_mRNA1	PF00083.31,PF00083.31,PF07690.22,PF07690.22	Partial	None
GML000728	GML000728_mRNA1	PF00300.28	Partial	None
GML000729	GML000729_mRNA1	PF00560.40,PF03372.30,PF12799.14,PF13855.13,PF13855.13	Complete	None
GML000730	GML000730_mRNA1	PF03372.30	Partial	None
GML000730	GML000730_mRNA2	PF03372.30	Partial	Unchanged
GML000731	GML000731_mRNA1	PF00633.30,PF00730.32	Complete	None
GML000732	GML000732_mRNA1	PF00172.24,PF04082.24	Partial	None
GML000733	GML000733_mRNA1	PF01209.25,PF08241.19,PF08242.19,PF13489.13,PF13649.13,PF13847.13	Partial	None
GML000734	GML000734_mRNA1	PF02585.23	Partial	None
GML000735	GML000735_mRNA1	PF00022.27	Partial	None
GML000736	GML000736_mRNA1	PF13002.13	Partial	None
GML000737	GML000737_mRNA1	PF00069.32,PF07714.24,PF14531.13	Complete	None
GML000737	GML000737_mRNA2	PF00069.32,PF07714.24,PF14531.13	Complete	Unchanged
GML000738	GML000738_mRNA1	PF08639.16,PF08639.16	Partial	None
GML000739	GML000739_mRNA1	PF02969.24,PF07571.20	Partial	None
GML000740	GML000740_mRNA1		None	None
GML000741	GML000741_mRNA1	PF28745.1,PF28753.1,PF28771.1	Complete	None
GML000742	GML000742_mRNA1	PF00324.28	Partial	None
GML000743	GML000743_mRNA1	PF00270.36,PF00271.38	Complete	None
GML000743	GML000743_mRNA2	PF00270.36,PF00271.38	Complete	Truncated
GML000744	GML000744_mRNA1	PF00378.26,PF12921.13,PF16113.11	Complete	None
GML000744	GML000744_mRNA2	PF00378.26,PF16113.11	Partial	Loss
GML000745	GML000745_mRNA1	PF12921.13	Complete	None
GML000746	GML000746_mRNA1		None	None
GML000747	GML000747_mRNA1	PF05997.18	Partial	None
GML000748	GML000748_mRNA1	PF11708.14	Partial	None
GML000748	GML000748_mRNA2	PF11708.14	Partial	Unchanged
GML000749	GML000749_mRNA1	PF04652.22,PF18097.7	Complete	None
GML000750	GML000750_mRNA1	PF03937.22	Partial	None
GML000751	GML000751_mRNA1	PF00036.39,PF13405.13	Complete	None
GML000752	GML000752_mRNA1		None	None
GML000753	GML000753_mRNA1	PF12874.14,PF16835.11	Complete	None
GML000754	GML000754_mRNA1	PF01507.26,PF01507.26	Partial	None
GML000754	GML000754_mRNA2	PF01507.26	Partial	Unchanged
GML000755	GML000755_mRNA1	PF02146.24,PF04574.19,PF19189.7	Complete	None
GML000755	GML000755_mRNA2	PF02146.24,PF04574.19,PF19189.7	Complete	Unchanged
GML000756	GML000756_mRNA1	PF02353.27,PF08241.19,PF13489.13,PF13649.13	Complete	None
GML000757	GML000757_mRNA1	PF01274.29,PF20656.3,PF20659.3	Complete	None
GML000758	GML000758_mRNA1	PF00083.31,PF07690.22	Partial	None
GML000759	GML000759_mRNA1	PF00462.31	Complete	None
GML000760	GML000760_mRNA1	PF00366.27,PF16205.11	Partial	None
GML000761	GML000761_mRNA1	PF12856.14	Partial	None
GML000762	GML000762_mRNA1	PF01423.29	Partial	None
GML000763	GML000763_mRNA1	PF03109.23	Partial	None
GML000764	GML000764_mRNA1	PF08524.17	Partial	None
GML000765	GML000765_mRNA1	PF01490.25,PF01490.25	Partial	None
GML000766	GML000766_mRNA1	PF04821.20,PF27570.2	Complete	None
GML000767	GML000767_mRNA1	PF00172.24,PF04082.24	Complete	None
GML000768	GML000768_mRNA1	PF00172.24,PF04082.24	Partial	None
GML000769	GML000769_mRNA1		None	None
GML000770	GML000770_mRNA1	PF00134.29,PF08613.17	Partial	None
GML000771	GML000771_mRNA1		None	None
GML000771	GML000771_mRNA2		None	Unchanged
GML000772	GML000772_mRNA1		None	None
GML000773	GML000773_mRNA1		None	None
GML000773	GML000773_mRNA2		None	Unchanged
GML000774	GML000774_mRNA1	PF00400.39	Complete	None
GML000774	GML000774_mRNA2		None	Loss
GML000775	GML000775_mRNA1	PF00400.39,PF00856.34	Complete	None
GML000775	GML000775_mRNA2	PF00400.39,PF00856.34	Complete	Unchanged
GML000775	GML000775_mRNA3	PF00856.34	Partial	Loss,Truncated
GML000776	GML000776_mRNA1	PF29019.1	Complete	None
GML000776	GML000776_mRNA2	PF29019.1	Complete	Unchanged
GML000777	GML000777_mRNA1	PF00069.32,PF07714.24	Partial	None
GML000777	GML000777_mRNA2	PF00069.32,PF07714.24	Partial	Unchanged
GML000778	GML000778_mRNA1	PF08638.17	Partial	None
GML000779	GML000779_mRNA1	PF01490.25,PF01490.25	Partial	None
GML000780	GML000780_mRNA1	PF00588.25,PF08032.18,PF29097.1	Partial	None
GML000780	GML000780_mRNA2	PF00588.25,PF08032.18,PF29097.1	Partial	Unchanged
GML000781	GML000781_mRNA1	PF00475.25	Partial	None
GML000782	GML000782_mRNA1	PF00069.32,PF03109.23,PF07714.24	Partial	None
GML000783	GML000783_mRNA1	PF24707.2,PF26242.1,PF26242.1	Complete	None
GML000784	GML000784_mRNA1	PF08045.17,PF11709.14,PF12519.15	Complete	None
GML000785	GML000785_mRNA1	PF05653.21	Partial	None
GML000786	GML000786_mRNA1	PF01184.25	Partial	None
GML000786	GML000786_mRNA2	PF01184.25	Partial	Unchanged
GML000787	GML000787_mRNA1	PF04031.19	Partial	None
GML000787	GML000787_mRNA2	PF04031.19	Partial	Unchanged
GML000788	GML000788_mRNA1	PF13329.14	Partial	None
GML000789	GML000789_mRNA1	PF01773.26,PF07662.19,PF07670.20	Complete	None
GML000790	GML000790_mRNA1	PF03635.24	Partial	None
GML000790	GML000790_mRNA2	PF03635.24	Partial	Unchanged
GML000790	GML000790_mRNA3	PF03635.24,PF03635.24	Partial	Unchanged
GML000791	GML000791_mRNA1	PF12222.15	Partial	None
GML000791	GML000791_mRNA2	PF12222.15	Partial	Unchanged
GML000792	GML000792_mRNA1	PF01974.24,PF26577.1	Partial	None
GML000793	GML000793_mRNA1	PF00249.38,PF00249.38,PF13921.13	Complete	None
GML000793	GML000793_mRNA2	PF00249.38,PF00249.38,PF13921.13	Complete	Unchanged
GML000793	GML000793_mRNA3	PF00249.38,PF00249.38,PF13921.13	Complete	Unchanged
GML000794	GML000794_mRNA1		None	None
GML000794	GML000794_mRNA2		None	Unchanged
GML000795	GML000795_mRNA1	PF01201.28	Partial	None
GML000796	GML000796_mRNA1	PF03051.22	Partial	None
GML000797	GML000797_mRNA1	PF00324.28,PF13520.13	Partial	None
GML000798	GML000798_mRNA1	PF00166.27,PF08146.18,PF23243.2	Complete	None
GML000798	GML000798_mRNA2	PF00166.27	Partial	Loss,Truncated
GML000799	GML000799_mRNA1		None	None
GML000800	GML000800_mRNA1	PF00009.34,PF00025.28,PF00071.29,PF01926.30,PF04670.19,PF08477.20	Partial	None
GML000801	GML000801_mRNA1	PF01381.29,PF08523.16	Partial	None
GML000802	GML000802_mRNA1	PF02544.22	Partial	None
GML000803	GML000803_mRNA1	PF01641.27	Partial	None
GML000804	GML000804_mRNA1	PF06325.20,PF08003.18,PF08241.19,PF13649.13,PF13847.13,PF22528.2	Partial	None
GML000805	GML000805_mRNA1	PF07690.22	Partial	None
GML000806	GML000806_mRNA1	PF10230.16,PF10230.16	Partial	None
GML000807	GML000807_mRNA1	PF05742.18	Partial	None
GML000807	GML000807_mRNA2	PF05742.18	Partial	Unchanged
GML000808	GML000808_mRNA1	PF00069.32,PF07714.24	Partial	None
GML000808	GML000808_mRNA2	PF00069.32,PF07714.24	Partial	Unchanged
GML000809	GML000809_mRNA1	PF06221.19	Complete	None
GML000810	GML000810_mRNA1	PF02410.23,PF11719.14,PF26719.2	Partial	None
GML000811	GML000811_mRNA1	PF03998.20	Partial	None
GML000812	GML000812_mRNA1	PF08433.17	Partial	None
GML000813	GML000813_mRNA1	PF01926.30	Partial	None
GML000814	GML000814_mRNA1	PF02735.23,PF03731.22	Partial	None
GML000815	GML000815_mRNA1		None	None
GML000815	GML000815_mRNA2		None	Unchanged
GML000816	GML000816_mRNA1	PF00128.32,PF02806.25,PF02922.25	Complete	None
GML000817	GML000817_mRNA1	PF00022.27,PF00400.39,PF00400.39,PF00400.39,PF00400.39,PF00400.39	Complete	None
GML000817	GML000817_mRNA2	PF00022.27	Partial	Loss
GML000818	GML000818_mRNA1	PF00400.39,PF00400.39,PF00400.39,PF00400.39,PF00400.39,PF00400.39	Complete	None
GML000819	GML000819_mRNA1	PF00884.29,PF09731.15	Partial	None
GML000819	GML000819_mRNA2	PF00884.29,PF09731.15	Partial	Unchanged
GML000819	GML000819_mRNA3	PF00884.29,PF16347.11	Complete	Gain,Loss
GML000820	GML000820_mRNA1	PF09731.15	Partial	None
GML000821	GML000821_mRNA1	PF06172.18	Partial	None
GML000822	GML000822_mRNA1	PF13933.13	Partial	None
GML000823	GML000823_mRNA1	PF00069.32,PF00069.32,PF07714.24	Partial	None
GML000823	GML000823_mRNA2	PF00069.32,PF00069.32,PF07714.24	Partial	Unchanged
GML000824	GML000824_mRNA1	PF01259.25	Partial	None
GML000824	GML000824_mRNA2	PF01259.25	Partial	Unchanged
GML000825	GML000825_mRNA1	PF01583.27	Partial	None
GML000826	GML000826_mRNA1	PF00394.29,PF03357.27,PF07731.21,PF07731.21,PF07732.22	Complete	None
GML000826	GML000826_mRNA2	PF00394.29,PF03357.27,PF07731.21,PF07731.21,PF07732.22	Complete	Unchanged
GML000827	GML000827_mRNA1	PF20210.5,PF25808.2	Complete	None
GML000828	GML000828_mRNA1		None	None
GML000829	GML000829_mRNA1	PF00249.38,PF13921.13,PF13921.13	Complete	None
GML000830	GML000830_mRNA1	PF15469.13	Partial	None
GML000830	GML000830_mRNA2	PF15469.13	Partial	Unchanged
GML000831	GML000831_mRNA1	PF03239.21,PF03239.21	Partial	None
GML000831	GML000831_mRNA2	PF03239.21	Partial	Unchanged
GML000831	GML000831_mRNA3	PF03239.21	Partial	Unchanged
GML000832	GML000832_mRNA1		None	None
GML000833	GML000833_mRNA1	PF01918.28	Partial	None
GML000834	GML000834_mRNA1		None	None
GML000835	GML000835_mRNA1	PF05670.19	Partial	None
GML000836	GML000836_mRNA1	PF00566.26,PF23436.2	Partial	None
GML000837	GML000837_mRNA1	PF04054.22,PF12842.13,PF16415.12,PF16417.12,PF16418.12,PF16419.12,PF23590.2,PF25097.2	Complete	None
GML000838	GML000838_mRNA1	PF00179.32,PF09288.17	Complete	None
GML000839	GML000839_mRNA1	PF02136.27	Partial	None
GML000840	GML000840_mRNA1	PF01165.26	Complete	None
GML000841	GML000841_mRNA1		None	None
GML000842	GML000842_mRNA1	PF00176.30,PF00270.36,PF00271.38,PF04851.22,PF13625.12,PF16203.12	Complete	None
GML000843	GML000843_mRNA1	PF05022.18	Complete	None
GML000843	GML000843_mRNA2	PF05022.18	Complete	Unchanged
GML000844	GML000844_mRNA1	PF00561.27,PF00756.27,PF12697.14	Partial	None
GML000845	GML000845_mRNA1	PF12141.14	Partial	None
GML000846	GML000846_mRNA1	PF02133.22	Partial	None
GML000847	GML000847_mRNA1		None	None
GML000848	GML000848_mRNA1	PF01734.28,PF11815.14	Partial	None
GML000848	GML000848_mRNA2	PF01734.28,PF11815.14	Partial	Unchanged
GML000849	GML000849_mRNA1	PF07690.22,PF07690.22	Partial	None
GML000850	GML000850_mRNA1	PF00400.39,PF09384.16	Complete	None
GML000851	GML000851_mRNA1		None	None
GML000852	GML000852_mRNA1	PF00297.29	Partial	None
GML000853	GML000853_mRNA1		None	None
GML000853	GML000853_mRNA2		None	Unchanged
GML000853	GML000853_mRNA3		None	Unchanged
GML000854	GML000854_mRNA1	PF01222.23,PF06966.18	Partial	None
GML000855	GML000855_mRNA1	PF20520.4	Complete	None
GML000855	GML000855_mRNA2	PF20520.4	Complete	Unchanged
GML000856	GML000856_mRNA1		None	None
GML000856	GML000856_mRNA2		None	Unchanged
GML000857	GML000857_mRNA1	PF09637.16	Partial	None
GML000858	GML000858_mRNA1	PF20977.3	Partial	None
GML000859	GML000859_mRNA1	PF06732.17,PF16589.13	Complete	None
GML000860	GML000860_mRNA1		None	None
GML000861	GML000861_mRNA1		None	None
GML000861	GML000861_mRNA2		None	Unchanged
GML000862	GML000862_mRNA1		None	None
GML000862	GML000862_mRNA2		None	Unchanged
GML000863	GML000863_mRNA1		None	None
GML000863	GML000863_mRNA2		None	Unchanged
GML000864	GML000864_mRNA1	PF00225.30,PF16796.12	Complete	None
GML000864	GML000864_mRNA2	PF00225.30,PF16796.12	Partial	Truncated
GML000865	GML000865_mRNA1	PF07890.18	Partial	None
GML000866	GML000866_mRNA1	PF07690.22	Partial	None
GML000867	GML000867_mRNA1	PF04969.23,PF05002.21	Complete	None
GML000868	GML000868_mRNA1	PF16561.12	Partial	None
GML000868	GML000868_mRNA2	PF16561.12	Partial	Unchanged
GML000869	GML000869_mRNA1	PF05486.18	Partial	None
GML000870	GML000870_mRNA1	PF01566.26	Partial	None
GML000871	GML000871_mRNA1	PF00364.29,PF02817.23	Complete	None
GML000871	GML000871_mRNA2	PF00364.29,PF02817.23	Complete	Unchanged
GML000872	GML000872_mRNA1	PF02178.25,PF02178.25,PF02178.25	Complete	None
GML000873	GML000873_mRNA1	PF12657.14	Partial	None
GML000874	GML000874_mRNA1		None	None
GML000875	GML000875_mRNA1	PF00291.32	Partial	None
GML000876	GML000876_mRNA1	PF13640.13	Partial	None
GML000877	GML000877_mRNA1	PF04097.21	Partial	None
GML000878	GML000878_mRNA1	PF00324.28,PF13520.13	Partial	None
GML000879	GML000879_mRNA1	PF04571.20,PF08235.20,PF24565.2	Complete	None
GML000880	GML000880_mRNA1	PF12141.14	Partial	None
GML000881	GML000881_mRNA1	PF00076.29	Partial	None
GML000882	GML000882_mRNA1	PF00561.27,PF07859.20,PF10340.16,PF12697.14,PF20434.6	Partial	None
GML000883	GML000883_mRNA1	PF00076.29,PF12353.14	Complete	None
GML000884	GML000884_mRNA1	PF00400.39,PF00400.39,PF00400.39,PF00400.39	Complete	None
GML000884	GML000884_mRNA2	PF00400.39,PF00400.39,PF00400.39,PF00400.39	Complete	Unchanged
GML000885	GML000885_mRNA1	PF08514.18,PF21581.4	Complete	None
GML000886	GML000886_mRNA1	PF04433.24	Partial	None
GML000887	GML000887_mRNA1	PF03054.23,PF20258.5,PF20259.4	Complete	None
GML000888	GML000888_mRNA1		None	None
GML000888	GML000888_mRNA2		None	Unchanged
GML000889	GML000889_mRNA1	PF07491.17	Partial	None
GML000890	GML000890_mRNA1	PF01822.25	Partial	None
GML000891	GML000891_mRNA1	PF09496.16	Partial	None
GML000892	GML000892_mRNA1	PF00637.27,PF00637.27,PF00637.27,PF00637.27,PF00637.27,PF00637.27,PF00637.27,PF09268.17,PF13838.13	Complete	None
GML000893	GML000893_mRNA1		None	None
GML000893	GML000893_mRNA2		None	Unchanged
GML000894	GML000894_mRNA1	PF00249.38,PF00249.38,PF13921.13,PF13921.13	Partial	None
GML000895	GML000895_mRNA1	PF03097.25,PF13949.12	Partial	None
GML000895	GML000895_mRNA2	PF03097.25,PF13949.12	Partial	Unchanged
GML000896	GML000896_mRNA1	PF01715.24,PF01745.23	Partial	None
GML000897	GML000897_mRNA1		None	None
GML000898	GML000898_mRNA1	PF12400.14	Partial	None
GML000899	GML000899_mRNA1	PF07928.18	Complete	None
GML000899	GML000899_mRNA2	PF07928.18	Complete	Unchanged
GML000900	GML000900_mRNA1	PF03171.27,PF14226.13	Complete	None
GML000901	GML000901_mRNA1	PF00153.33,PF00153.33,PF00153.33	Complete	None
GML000902	GML000902_mRNA1	PF02518.32,PF08676.17,PF13589.13	Complete	None
GML000903	GML000903_mRNA1	PF08058.17	Partial	None
GML000904	GML000904_mRNA1	PF02551.22,PF13622.13,PF20789.4	Complete	None
GML000905	GML000905_mRNA1	PF02551.22,PF13622.13,PF20789.4	Partial	None
GML000906	GML000906_mRNA1	PF02551.22,PF13622.13,PF20789.4	Complete	None
GML000906	GML000906_mRNA2	PF02551.22,PF13622.13,PF20789.4	Partial	Truncated
GML000907	GML000907_mRNA1	PF00995.29	Partial	None
GML000908	GML000908_mRNA1		None	None
GML000909	GML000909_mRNA1		None	None
GML000910	GML000910_mRNA1	PF04818.20	Partial	None
GML000911	GML000911_mRNA1	PF00180.26	Partial	None
GML000912	GML000912_mRNA1	PF06419.18,PF20653.4	Partial	None
GML000913	GML000913_mRNA1	PF01866.23	Partial	None
GML000914	GML000914_mRNA1	PF04925.21,PF21413.4	Partial	None
GML000914	GML000914_mRNA2	PF04925.21,PF21413.4	Partial	Unchanged
GML000915	GML000915_mRNA1	PF10846.14,PF10846.14	Partial	None
GML000916	GML000916_mRNA1		None	None
GML000916	GML000916_mRNA2		None	Unchanged
GML000917	GML000917_mRNA1	PF04791.22	Partial	None
GML000917	GML000917_mRNA2	PF04791.22	Partial	Unchanged
GML000918	GML000918_mRNA1	PF00005.34,PF00005.34,PF12848.14	Complete	None
GML000919	GML000919_mRNA1	PF12706.14,PF13483.13	Partial	None
GML000920	GML000920_mRNA1	PF10247.15	Partial	None
GML000920	GML000920_mRNA2	PF10247.15	Partial	Unchanged
GML000921	GML000921_mRNA1	PF07956.17	Partial	None
GML000922	GML000922_mRNA1	PF00240.30,PF00443.36	Partial	None
GML000923	GML000923_mRNA1	PF00171.28	Partial	None
GML000924	GML000924_mRNA1		None	None
GML000925	GML000925_mRNA1	PF00400.39,PF00400.39,PF21032.3,PF21032.3,PF21034.4	Complete	None
GML000925	GML000925_mRNA2	PF21032.3	Partial	Loss
GML000926	GML000926_mRNA1	PF05327.18	Partial	None
GML000926	GML000926_mRNA2	PF05327.18	Partial	Unchanged
GML000927	GML000927_mRNA1		None	None
GML000927	GML000927_mRNA2		None	Unchanged
GML000928	GML000928_mRNA1	PF02200.23	Partial	None
GML000929	GML000929_mRNA1	PF12348.15,PF12348.15	Partial	None
GML000930	GML000930_mRNA1	PF01650.24	Partial	None
GML000931	GML000931_mRNA1	PF00270.36,PF00271.38,PF04851.22	Complete	None
GML000932	GML000932_mRNA1	PF04042.22,PF22062.3	Complete	None
GML000933	GML000933_mRNA1	PF05383.24	Partial	None
GML000934	GML000934_mRNA1	PF01168.27	Partial	None
GML000934	GML000934_mRNA2	PF01168.27	Partial	Unchanged
GML000935	GML000935_mRNA1	PF04547.18,PF20877.3	Partial	None
GML000936	GML000936_mRNA1	PF00018.35,PF25459.2	Complete	None
GML000936	GML000936_mRNA2	PF00018.35,PF25459.2	Complete	Unchanged
GML000937	GML000937_mRNA1	PF00400.39,PF00400.39	Complete	None
GML000937	GML000937_mRNA2	PF00400.39,PF00400.39	Complete	Unchanged
GML000938	GML000938_mRNA1	PF29116.1	Partial	None
GML000939	GML000939_mRNA1	PF00188.33	Partial	None
GML000940	GML000940_mRNA1	PF01602.27,PF01602.27	Partial	None
GML000941	GML000941_mRNA1	PF16836.12	Complete	None
GML000942	GML000942_mRNA1		None	None
GML000943	GML000943_mRNA1	PF00097.32,PF13445.13,PF13639.13,PF13920.13,PF13923.13	Partial	None
GML000944	GML000944_mRNA1		None	None
GML000945	GML000945_mRNA1	PF00638.25	Partial	None
GML000946	GML000946_mRNA1	PF13649.13,PF13847.13	Partial	None
GML000947	GML000947_mRNA1	PF08700.18	Partial	None
GML000948	GML000948_mRNA1	PF00400.39,PF00400.39,PF12265.15	Complete	None
GML000949	GML000949_mRNA1	PF05405.20	Partial	None
GML000950	GML000950_mRNA1	PF02089.22	Partial	None
GML000950	GML000950_mRNA2	PF02089.22	Partial	Unchanged
GML000950	GML000950_mRNA3		None	Loss
GML000951	GML000951_mRNA1	PF00687.27	Partial	None
GML000951	GML000951_mRNA2	PF00687.27	Partial	Unchanged
GML000952	GML000952_mRNA1	PF00324.28,PF13520.13	Partial	None
GML000953	GML000953_mRNA1	PF02466.25	Partial	None
GML000954	GML000954_mRNA1	PF00069.32,PF07714.24	Partial	None
GML000955	GML000955_mRNA1	PF03874.22	Partial	None
GML000956	GML000956_mRNA1	PF00009.34,PF00679.31,PF01926.30,PF03764.25	Complete	None
GML000957	GML000957_mRNA1		None	None
GML000958	GML000958_mRNA1	PF00249.38,PF04433.24,PF16495.11	Complete	None
GML000959	GML000959_mRNA1	PF00237.25	Partial	None
GML000960	GML000960_mRNA1		None	None
GML000961	GML000961_mRNA1	PF00348.23	Partial	None
GML000962	GML000962_mRNA1	PF01793.24,PF05890.18	Complete	None
GML000962	GML000962_mRNA2	PF01793.24	Partial	Loss
GML000963	GML000963_mRNA1	PF05890.18	Partial	None
GML000964	GML000964_mRNA1	PF01512.23,PF10589.15,PF22461.3	Complete	None
GML000965	GML000965_mRNA1	PF05153.22	Partial	None
GML000966	GML000966_mRNA1	PF29664.1	Partial	None
GML000967	GML000967_mRNA1	PF01148.26	Partial	None
GML000967	GML000967_mRNA2	PF01148.26	Partial	Unchanged
GML000968	GML000968_mRNA1	PF01253.28	Partial	None
GML000968	GML000968_mRNA2	PF01253.28	Partial	Unchanged
GML000969	GML000969_mRNA1	PF05185.23,PF17286.8	Complete	None
GML000969	GML000969_mRNA2	PF05185.23,PF17286.8	Complete	Unchanged
GML000970	GML000970_mRNA1	PF01111.25	Partial	None
GML000971	GML000971_mRNA1	PF00454.34,PF02259.30,PF02260.26,PF08064.19,PF23593.2,PF25030.1,PF25385.2	Complete	None
GML000972	GML000972_mRNA1		None	None
GML000973	GML000973_mRNA1		None	None
GML000974	GML000974_mRNA1	PF04080.20	Partial	None
GML000975	GML000975_mRNA1		None	None
GML000976	GML000976_mRNA1		None	None
GML000976	GML000976_mRNA2		None	Unchanged
GML000977	GML000977_mRNA1	PF03501.22	Partial	None
GML000978	GML000978_mRNA1	PF13202.13,PF13202.13	Complete	None
GML000979	GML000979_mRNA1	PF00291.32,PF00585.25,PF00585.25	Complete	None
GML000980	GML000980_mRNA1	PF00009.34,PF00679.31,PF03144.32,PF06421.18	Complete	None
GML000981	GML000981_mRNA1	PF00266.26	Partial	None
GML000982	GML000982_mRNA1	PF01423.29	Partial	None
GML000983	GML000983_mRNA1	PF00753.34,PF07521.18,PF10996.15,PF11718.14,PF16661.12	Complete	None
GML000984	GML000984_mRNA1	PF00890.31,PF01946.24,PF07992.21,PF13450.13	Partial	None
GML000985	GML000985_mRNA1	PF01170.25,PF25904.1	Partial	None
GML000985	GML000985_mRNA2	PF01170.25,PF25904.1	Partial	Unchanged
GML000986	GML000986_mRNA1	PF00076.29,PF00076.29,PF16367.12	Complete	None
GML000986	GML000986_mRNA2	PF00076.29,PF16367.12	Complete	Unchanged
GML000986	GML000986_mRNA3	PF00076.29,PF16367.12	Complete	Unchanged
GML000987	GML000987_mRNA1	PF00270.36,PF00271.38,PF04851.22,PF08147.18	Complete	None
GML000987	GML000987_mRNA2	PF00270.36,PF00271.38,PF04851.22,PF08147.18	Complete	Unchanged
GML000988	GML000988_mRNA1	PF01217.27	Partial	None
GML000989	GML000989_mRNA1	PF11051.15	Partial	None
GML000990	GML000990_mRNA1	PF01793.24	Partial	None
GML000991	GML000991_mRNA1	PF03770.23	Complete	None
GML000992	GML000992_mRNA1	PF01282.26	Partial	None
GML000993	GML000993_mRNA1	PF00171.28,PF05893.20	Partial	None
GML000994	GML000994_mRNA1	PF11781.14,PF20644.3	Partial	None
GML000995	GML000995_mRNA1	PF13094.12	Partial	None
GML000996	GML000996_mRNA1		None	None
GML000997	GML000997_mRNA1	PF00650.26,PF00702.33,PF03765.22,PF08282.19,PF12710.14	Complete	None
GML000998	GML000998_mRNA1	PF01063.25,PF12923.13,PF17799.8	Partial	None
GML000998	GML000998_mRNA2	PF01063.25,PF12923.13,PF17799.8	Complete	Extended
GML000998	GML000998_mRNA3	PF12923.13,PF17799.8	Partial	Loss
GML000999	GML000999_mRNA1	PF01063.25	Partial	None
GML000999	GML000999_mRNA2	PF01063.25	Partial	Unchanged
GML001000	GML001000_mRNA1	PF00566.26	Partial	None
GML001001	GML001001_mRNA1	PF00012.27,PF29326.1	Complete	None
GML001001	GML001001_mRNA2	PF00012.27,PF29326.1	Complete	Unchanged
GML001001	GML001001_mRNA3	PF00012.27,PF29326.1	Complete	Unchanged
GML001001	GML001001_mRNA4	PF00012.27	Partial	Loss
GML001001	GML001001_mRNA5	PF00012.27	Partial	Loss
GML001002	GML001002_mRNA1	PF29326.1	Complete	None
GML001002	GML001002_mRNA2	PF29326.1	Complete	Unchanged
GML001003	GML001003_mRNA1	PF00156.34	Partial	None
GML001004	GML001004_mRNA1	PF03152.22,PF24842.2	Partial	None
GML001005	GML001005_mRNA1	PF03810.26,PF08506.17	Partial	None
GML001006	GML001006_mRNA1		None	None
GML001007	GML001007_mRNA1	PF00808.30	Partial	None
GML001008	GML001008_mRNA1	PF00561.27,PF00975.27,PF12146.16,PF12697.14	Partial	None
GML001009	GML001009_mRNA1	PF28230.1	Partial	None
GML001010	GML001010_mRNA1	PF00096.33,PF00096.33	Complete	None
GML001010	GML001010_mRNA2	PF00096.33,PF00096.33,PF00096.33	Complete	Unchanged
GML001011	GML001011_mRNA1	PF11262.14,PF11732.14,PF16134.11	Complete	None
GML001012	GML001012_mRNA1	PF00083.31,PF00083.31,PF07690.22,PF07690.22	Partial	None
GML001013	GML001013_mRNA1	PF00043.31,PF13409.13,PF13410.12	Complete	None
GML001014	GML001014_mRNA1	PF06202.21,PF14699.13,PF14701.13,PF14702.13	Complete	None
GML001015	GML001015_mRNA1	PF00171.28	Partial	None
GML001016	GML001016_mRNA1		None	None
GML001017	GML001017_mRNA1	PF00370.28,PF06645.19	Partial	None
GML001017	GML001017_mRNA2	PF00370.28,PF06645.19	Partial	Unchanged
GML001017	GML001017_mRNA3	PF00370.28,PF06645.19	Partial	Unchanged
GML001017	GML001017_mRNA4	PF00370.28,PF06645.19	Partial	Unchanged
GML001018	GML001018_mRNA1		None	None
GML001019	GML001019_mRNA1	PF29093.1	Complete	None
GML001020	GML001020_mRNA1	PF05222.22	Partial	None
GML001021	GML001021_mRNA1	PF00400.39,PF00400.39,PF00400.39,PF00400.39	Complete	None
GML001021	GML001021_mRNA2	PF00400.39,PF00400.39,PF00400.39,PF00400.39	Complete	Unchanged
GML001021	GML001021_mRNA3	PF00400.39,PF00400.39,PF00400.39,PF00400.39	Complete	Unchanged
GML001022	GML001022_mRNA1	PF00515.35,PF07719.24,PF12895.14,PF13176.13,PF13181.13,PF13181.13,PF13374.13,PF13424.13,PF13432.13	Complete	None
GML001023	GML001023_mRNA1	PF00400.39,PF21032.3	Complete	None
GML001024	GML001024_mRNA1	PF28459.2	Partial	None
GML001025	GML001025_mRNA1	PF00806.26,PF00806.26,PF00806.26,PF00806.26,PF00806.26,PF00806.26,PF00806.26,PF00806.26	Complete	None
GML001026	GML001026_mRNA1	PF01380.28	Partial	None
GML001027	GML001027_mRNA1	PF02145.22,PF03542.22,PF11864.14,PF11864.14	Complete	None
GML001027	GML001027_mRNA2	PF02145.22,PF03542.22,PF11864.14,PF11864.14	Complete	Unchanged
GML001028	GML001028_mRNA1	PF00324.28,PF13520.13	Partial	None
GML001029	GML001029_mRNA1	PF06101.17	Partial	None
GML001030	GML001030_mRNA1	PF00175.27,PF00970.31	Partial	None
GML001031	GML001031_mRNA1	PF10637.16,PF13640.13,PF13661.13	Partial	None
GML001032	GML001032_mRNA1	PF00696.34,PF22468.3	Complete	None
GML001033	GML001033_mRNA1	PF00155.28,PF03114.24,PF10455.15	Complete	None
GML001033	GML001033_mRNA2	PF00155.28	Partial	Loss
GML001034	GML001034_mRNA1	PF03114.24,PF10455.15,PF10455.15	Partial	None
GML001035	GML001035_mRNA1	PF00091.32,PF03953.23	Complete	None
GML001036	GML001036_mRNA1		None	None
GML001037	GML001037_mRNA1	PF00368.24,PF12349.15,PF13323.12	Partial	None
GML001037	GML001037_mRNA2	PF00368.24,PF12349.15,PF13323.12	Partial	Unchanged
GML001038	GML001038_mRNA1	PF00155.28,PF01053.27,PF30496.1	Partial	None
GML001039	GML001039_mRNA1	PF00173.34,PF29050.1	Complete	None
GML001039	GML001039_mRNA2	PF29050.1	Partial	Loss
GML001039	GML001039_mRNA3	PF29050.1	Partial	Loss
GML001040	GML001040_mRNA1	PF00173.34	Partial	None
GML001040	GML001040_mRNA2	PF00173.34	Partial	Unchanged
GML001041	GML001041_mRNA1	PF01532.27	Partial	None
GML001042	GML001042_mRNA1		None	None
GML001042	GML001042_mRNA2		None	Unchanged
GML001043	GML001043_mRNA1	PF08101.17,PF08101.17	Partial	None
GML001043	GML001043_mRNA2	PF08101.17,PF08101.17	Partial	Unchanged
GML001043	GML001043_mRNA3	PF08101.17,PF08101.17	Partial	Unchanged
GML001044	GML001044_mRNA1	PF00755.26	Partial	None
GML001045	GML001045_mRNA1	PF01019.28	Partial	None
GML001046	GML001046_mRNA1	PF04425.18,PF04426.18,PF04426.18,PF18972.6	Complete	None
GML001046	GML001046_mRNA2	PF04425.18,PF04426.18,PF04426.18,PF18972.6	Complete	Unchanged
GML001046	GML001046_mRNA3	PF04425.18,PF04426.18,PF18972.6	Complete	Unchanged
GML001046	GML001046_mRNA4	PF18972.6	Complete	Loss
GML001047	GML001047_mRNA1	PF03941.21	Complete	None
GML001048	GML001048_mRNA1	PF04425.18,PF04426.18,PF04426.18	Complete	None
GML001049	GML001049_mRNA1	PF04193.20,PF04193.20	Complete	None
GML001050	GML001050_mRNA1	PF00009.34,PF03143.24,PF03144.32	Complete	None
GML001051	GML001051_mRNA1	PF20518.5,PF27562.1,PF27562.1,PF29300.1,PF29300.1	Complete	None
GML001051	GML001051_mRNA2	PF20518.5,PF27562.1,PF29300.1,PF29300.1	Complete	Truncated
GML001052	GML001052_mRNA1		None	None
GML001053	GML001053_mRNA1	PF02666.21,PF02666.21	Complete	None
GML001054	GML001054_mRNA1	PF03637.23	Partial	None
GML001055	GML001055_mRNA1	PF00940.25,PF14700.12	Partial	None
GML001055	GML001055_mRNA2	PF00940.25,PF14700.12	Partial	Unchanged
GML001055	GML001055_mRNA3	PF00940.25,PF14700.12	Partial	Unchanged
GML001055	GML001055_mRNA4	PF00940.25,PF14700.12	Partial	Unchanged
GML001055	GML001055_mRNA5	PF00940.25,PF14700.12	Partial	Unchanged
GML001056	GML001056_mRNA1	PF03357.27	Partial	None
GML001057	GML001057_mRNA1	PF05739.27,PF11416.14	Complete	None
GML001057	GML001057_mRNA2	PF11416.14	Partial	Loss
GML001058	GML001058_mRNA1	PF00091.32,PF03953.23	Complete	None
GML001058	GML001058_mRNA2	PF00091.32,PF03953.23	Complete	Unchanged
GML001059	GML001059_mRNA1	PF05347.22,PF13233.13	Partial	None
GML001060	GML001060_mRNA1	PF07064.20	Complete	None
GML001061	GML001061_mRNA1	PF00380.26	Partial	None
GML001061	GML001061_mRNA2	PF00380.26	Partial	Unchanged
GML001062	GML001062_mRNA1	PF01294.24	Partial	None
GML001063	GML001063_mRNA1	PF00428.25	Partial	None
GML001064	GML001064_mRNA1		None	None
GML001065	GML001065_mRNA1	PF00266.26,PF01041.24	Partial	None
GML001066	GML001066_mRNA1	PF08118.17	Partial	None
GML001067	GML001067_mRNA1		None	None
GML001068	GML001068_mRNA1	PF08193.17	Partial	None
GML001069	GML001069_mRNA1	PF00587.31,PF03129.26	Complete	None
GML001069	GML001069_mRNA2	PF00587.31,PF03129.26	Complete	Unchanged
GML001070	GML001070_mRNA1	PF05179.21	Partial	None
GML001071	GML001071_mRNA1	PF04108.18	Partial	None
GML001072	GML001072_mRNA1	PF01585.29,PF12656.13	Partial	None
GML001073	GML001073_mRNA1		None	None
GML001074	GML001074_mRNA1	PF06747.19	Complete	None
GML001074	GML001074_mRNA2	PF06747.19	Complete	Unchanged
GML001075	GML001075_mRNA1	PF00025.28,PF00071.29,PF08477.20	Partial	None
GML001076	GML001076_mRNA1	PF00957.28,PF13774.14	Complete	None
GML001077	GML001077_mRNA1	PF00536.38,PF07647.25	Complete	None
GML001078	GML001078_mRNA1	PF00233.26	Partial	None
GML001078	GML001078_mRNA2	PF00233.26	Partial	Unchanged
GML001079	GML001079_mRNA1	PF00083.31,PF07690.22	Partial	None
GML001080	GML001080_mRNA1	PF00106.32,PF08659.17,PF13561.13	Partial	None
GML001081	GML001081_mRNA1	PF00107.33,PF08240.18,PF13602.13	Complete	None
GML001082	GML001082_mRNA1	PF00106.32,PF08659.17,PF13561.13	Partial	None
GML001083	GML001083_mRNA1	PF00172.24,PF04082.24	Complete	None
GML001083	GML001083_mRNA2	PF00172.24,PF04082.24	Complete	Unchanged
GML001083	GML001083_mRNA3		None	Loss
GML001084	GML001084_mRNA1	PF00172.24,PF04082.24	Partial	None
GML001085	GML001085_mRNA1	PF00501.35,PF00550.32,PF01370.28,PF07993.19	Complete	None
GML001086	GML001086_mRNA1	PF00097.32,PF00176.30,PF00271.38,PF04851.22	Complete	None
GML001087	GML001087_mRNA1	PF00416.28	Partial	None
GML001088	GML001088_mRNA1	PF00573.28	Partial	None
GML001089	GML001089_mRNA1	PF00450.29	Partial	None
GML001089	GML001089_mRNA2	PF00450.29	Partial	Unchanged
GML001090	GML001090_mRNA1	PF00343.27	Partial	None
GML001090	GML001090_mRNA2	PF00343.27	Partial	Unchanged
GML001091	GML001091_mRNA1		None	None
GML001092	GML001092_mRNA1		None	None
GML001093	GML001093_mRNA1		None	None
GML001094	GML001094_mRNA1	PF00855.24	Partial	None
GML001095	GML001095_mRNA1	PF00319.24	Partial	None
GML001096	GML001096_mRNA1	PF04468.18	Complete	None
GML001097	GML001097_mRNA1	PF07716.21	Complete	None
GML001098	GML001098_mRNA1	PF00069.32,PF00072.31,PF03109.23,PF07714.24	Complete	None
GML001098	GML001098_mRNA2	PF00072.31	Partial	Loss,Truncated
GML001099	GML001099_mRNA1	PF00929.32	Partial	None
GML001100	GML001100_mRNA1	PF07173.18	Complete	None
GML001100	GML001100_mRNA2	PF07173.18	Complete	Unchanged
GML001101	GML001101_mRNA1	PF05241.18	Partial	None
GML001102	GML001102_mRNA1		None	None
GML001103	GML001103_mRNA1		None	None
GML001104	GML001104_mRNA1		None	None
GML001105	GML001105_mRNA1	PF03126.24	Complete	None
GML001105	GML001105_mRNA2	PF03126.24	Complete	Unchanged
GML001106	GML001106_mRNA1		None	None
GML001107	GML001107_mRNA1	PF00561.27,PF12146.16,PF12697.14	Partial	None
GML001108	GML001108_mRNA1	PF00749.28,PF03950.24,PF04557.21,PF04558.21,PF20974.3	Complete	None
GML001109	GML001109_mRNA1	PF03370.19	Complete	None
GML001110	GML001110_mRNA1	PF00106.32,PF08659.17,PF13561.13,PF23441.1	Partial	None
GML001111	GML001111_mRNA1	PF01171.28,PF16503.11	Complete	None
GML001112	GML001112_mRNA1	PF01399.34,PF05470.19,PF05470.19	Complete	None
GML001113	GML001113_mRNA1	PF19270.5	Partial	None
GML001114	GML001114_mRNA1	PF01233.26,PF02799.22	Partial	None
GML001115	GML001115_mRNA1		None	None
GML001116	GML001116_mRNA1	PF00400.39,PF00400.39	Complete	None
GML001117	GML001117_mRNA1	PF12761.14,PF12763.14	Complete	None
GML001118	GML001118_mRNA1	PF00329.26	Partial	None
GML001119	GML001119_mRNA1		None	None
GML001119	GML001119_mRNA2		None	Unchanged
GML001120	GML001120_mRNA1	PF00097.32,PF13639.13	Complete	None
GML001121	GML001121_mRNA1	PF02676.20	Partial	None
GML001122	GML001122_mRNA1	PF00018.35,PF00617.25,PF00618.26,PF01465.26,PF07653.24,PF14604.13	Complete	None
GML001122	GML001122_mRNA2	PF01465.26	Complete	Loss
GML001123	GML001123_mRNA1	PF00044.31,PF02800.27	Partial	None
GML001124	GML001124_mRNA1	PF03643.21	Partial	None
GML001124	GML001124_mRNA2	PF03643.21	Partial	Unchanged
GML001125	GML001125_mRNA1	PF00153.33	Partial	None
GML001126	GML001126_mRNA1	PF00215.31	Partial	None
GML001127	GML001127_mRNA1	PF01369.26,PF23325.2	Complete	None
GML001128	GML001128_mRNA1	PF00494.25	Partial	None
GML001129	GML001129_mRNA1	PF00160.27	Partial	None
GML001130	GML001130_mRNA1	PF00573.28,PF14374.12	Complete	None
GML001131	GML001131_mRNA1	PF00188.33	Partial	None
GML001132	GML001132_mRNA1	PF10300.16	Partial	None
GML001133	GML001133_mRNA1	PF05216.19	Partial	None
GML001134	GML001134_mRNA1		None	None
GML001135	GML001135_mRNA1		None	None
GML001136	GML001136_mRNA1	PF01485.28,PF01485.28,PF19422.5,PF22191.3,PF22605.3	Complete	None
GML001137	GML001137_mRNA1		None	None
GML001138	GML001138_mRNA1		None	None
GML001139	GML001139_mRNA1		None	None
GML001140	GML001140_mRNA1	PF00628.36,PF00856.34,PF20826.3	Complete	None
GML001141	GML001141_mRNA1	PF00005.34,PF00005.34,PF00664.29,PF00664.29	Complete	None
GML001142	GML001142_mRNA1		None	None
GML001143	GML001143_mRNA1		None	None
GML001143	GML001143_mRNA2		None	Unchanged
GML001144	GML001144_mRNA1	PF01656.30,PF09140.18,PF10609.16	Partial	None
GML001145	GML001145_mRNA1	PF01926.30,PF02421.25,PF10396.15,PF12631.13	Complete	None
GML001146	GML001146_mRNA1	PF00439.31,PF00439.31	Complete	None
GML001147	GML001147_mRNA1	PF00175.27,PF00258.31,PF00667.27,PF01409.26,PF01409.26,PF03147.20	Complete	None
GML001147	GML001147_mRNA2	PF00175.27,PF00258.31,PF00667.27	Complete	Loss
GML001148	GML001148_mRNA1	PF01409.26,PF01409.26,PF03147.20	Complete	None
GML001149	GML001149_mRNA1	PF00252.25	Partial	None
GML001150	GML001150_mRNA1	PF10046.15	Partial	None
GML001151	GML001151_mRNA1		None	None
GML001151	GML001151_mRNA2		None	Unchanged
GML001152	GML001152_mRNA1	PF03357.27	Partial	None
GML001153	GML001153_mRNA1	PF01679.23	Partial	None
GML001154	GML001154_mRNA1		None	None
GML001155	GML001155_mRNA1	PF00004.36,PF13177.13,PF21960.3,PF22534.3	Complete	None
GML001156	GML001156_mRNA1	PF01625.29	Partial	None
GML001157	GML001157_mRNA1	PF00443.36,PF13423.13	Partial	None
GML001158	GML001158_mRNA1	PF02535.29	Partial	None
GML001159	GML001159_mRNA1	PF01871.23	Partial	None
GML001160	GML001160_mRNA1	PF00560.40,PF13516.13,PF13855.13	Complete	None
GML001161	GML001161_mRNA1	PF15454.12	Partial	None
GML001162	GML001162_mRNA1	PF29076.1	Partial	None
GML001163	GML001163_mRNA1	PF01204.25,PF03200.23,PF08513.18,PF10607.15,PF16923.12,PF22422.3	Complete	None
GML001163	GML001163_mRNA2	PF01204.25,PF03200.23,PF16923.12,PF22422.3	Partial	Loss
GML001164	GML001164_mRNA1	PF08513.18,PF10607.15	Partial	None
GML001165	GML001165_mRNA1	PF10214.16	Partial	None
GML001166	GML001166_mRNA1	PF00290.27,PF00291.32	Partial	None
GML001167	GML001167_mRNA1	PF06813.20,PF07690.22	Partial	None
GML001167	GML001167_mRNA2		None	Loss
GML001167	GML001167_mRNA3		None	Loss
GML001168	GML001168_mRNA1		None	None
GML001168	GML001168_mRNA2		None	Unchanged
GML001169	GML001169_mRNA1	PF00551.25,PF02911.24	Complete	None
GML001169	GML001169_mRNA2	PF00551.25,PF02911.24	Partial	Truncated
GML001170	GML001170_mRNA1	PF12624.15,PF25033.2,PF25036.3,PF25037.2	Complete	None
GML001170	GML001170_mRNA2	PF12624.15,PF25033.2,PF25036.3,PF25037.2	Complete	Unchanged
GML001171	GML001171_mRNA1	PF00069.32,PF07714.24,PF12063.15,PF21127.5	Complete	None
GML001171	GML001171_mRNA2	PF00069.32,PF07714.24,PF12063.15,PF21127.5	Complete	Unchanged
GML001172	GML001172_mRNA1	PF00069.32,PF00069.32,PF07714.24	Partial	None
GML001173	GML001173_mRNA1	PF04683.20	Partial	None
GML001174	GML001174_mRNA1	PF02464.24	Partial	None
GML001175	GML001175_mRNA1	PF00735.25	Partial	None
GML001176	GML001176_mRNA1	PF03661.19	Partial	None
GML001177	GML001177_mRNA1	PF00012.27,PF06723.20	Partial	None
GML001178	GML001178_mRNA1	PF00501.35,PF13193.13,PF16177.12	Complete	None
GML001179	GML001179_mRNA1	PF04188.19	Partial	None
GML001180	GML001180_mRNA1	PF11927.15	Partial	None
GML001181	GML001181_mRNA1	PF00125.31	Partial	None
GML001182	GML001182_mRNA1	PF00808.30,PF02969.24,PF15511.13	Partial	None
GML001183	GML001183_mRNA1	PF12239.14	Partial	None
GML001183	GML001183_mRNA2	PF12239.14	Partial	Unchanged
GML001184	GML001184_mRNA1	PF01073.26,PF01370.28	Partial	None
GML001185	GML001185_mRNA1	PF00300.28,PF00300.28	Partial	None
GML001185	GML001185_mRNA2	PF00300.28,PF00300.28	Partial	Unchanged
GML001186	GML001186_mRNA1		None	None
GML001187	GML001187_mRNA1	PF04193.20	Complete	None
GML001187	GML001187_mRNA2	PF04193.20	Complete	Unchanged
GML001188	GML001188_mRNA1	PF00463.28,PF13714.13	Partial	None
GML001189	GML001189_mRNA1		None	None
GML001189	GML001189_mRNA2		None	Unchanged
GML001190	GML001190_mRNA1	PF00069.32,PF07714.24	Partial	None
GML001191	GML001191_mRNA1	PF07757.19,PF10607.15,PF28462.1	Complete	None
GML001191	GML001191_mRNA2	PF10607.15	Partial	Loss
GML001192	GML001192_mRNA1	PF07757.19,PF28462.1	Complete	None
GML001193	GML001193_mRNA1	PF03931.22	Partial	None
GML001194	GML001194_mRNA1	PF04840.19,PF04840.19,PF04841.20,PF04841.20	Complete	None
GML001195	GML001195_mRNA1	PF05238.19	Partial	None
GML001195	GML001195_mRNA2	PF05238.19	Partial	Unchanged
GML001196	GML001196_mRNA1	PF00076.29,PF00076.29,PF00076.29	Complete	None
GML001196	GML001196_mRNA2	PF00076.29,PF00076.29,PF00076.29	Complete	Unchanged
GML001197	GML001197_mRNA1	PF00149.34	Partial	None
GML001198	GML001198_mRNA1	PF01084.27	Complete	None
GML001199	GML001199_mRNA1		None	None
GML001200	GML001200_mRNA1	PF07859.20,PF10340.16	Partial	None
GML001201	GML001201_mRNA1	PF00179.32	Partial	None
GML001202	GML001202_mRNA1	PF00307.37,PF03271.23	Complete	None
GML001203	GML001203_mRNA1		None	None
GML001204	GML001204_mRNA1		None	None
GML001205	GML001205_mRNA1	PF08613.17	Complete	None
GML001205	GML001205_mRNA2	PF08613.17	Complete	Unchanged
GML001205	GML001205_mRNA3	PF08613.17	Partial	Truncated
GML001206	GML001206_mRNA1	PF04479.19	Partial	None
GML001207	GML001207_mRNA1	PF04479.19	Partial	None
GML001208	GML001208_mRNA1	PF01199.24	Partial	None
GML001209	GML001209_mRNA1	PF01042.27,PF30067.1,PF30067.1,PF30071.1	Complete	None
GML001209	GML001209_mRNA2	PF01042.27,PF30067.1,PF30067.1,PF30071.1	Complete	Unchanged
GML001210	GML001210_mRNA1	PF00400.39,PF00400.39,PF07304.17	Complete	None
GML001210	GML001210_mRNA2	PF00400.39,PF00400.39,PF07304.17	Complete	Unchanged
GML001211	GML001211_mRNA1	PF03632.22,PF03636.23	Partial	None
GML001212	GML001212_mRNA1	PF08202.17	Partial	None
GML001213	GML001213_mRNA1		None	None
GML001214	GML001214_mRNA1		None	None
GML001215	GML001215_mRNA1	PF00520.38,PF00520.38,PF00520.38,PF00520.38	Complete	None
GML001215	GML001215_mRNA2	PF00520.38,PF00520.38,PF00520.38,PF00520.38	Complete	Unchanged
GML001216	GML001216_mRNA1		None	None
GML001217	GML001217_mRNA1	PF03367.20,PF03367.20,PF22794.2,PF22794.2	Complete	None
GML001217	GML001217_mRNA2	PF03367.20,PF03367.20,PF22794.2,PF22794.2	Complete	Unchanged
GML001218	GML001218_mRNA1	PF00400.39,PF00400.39,PF00400.39,PF00400.39,PF00400.39,PF00400.39,PF00646.39,PF12937.13	Complete	None
GML001219	GML001219_mRNA1	PF03370.19	Complete	None
GML001220	GML001220_mRNA1	PF04072.21,PF13418.13	Partial	None
GML001220	GML001220_mRNA2	PF04072.21,PF13418.13	Partial	Unchanged
GML001221	GML001221_mRNA1	PF15985.12,PF18311.8,PF21262.4	Complete	None
GML001221	GML001221_mRNA2	PF15985.12,PF18311.8,PF21262.4	Complete	Unchanged
GML001222	GML001222_mRNA1	PF00172.24	Partial	None
GML001223	GML001223_mRNA1	PF07247.18	Partial	None
GML001223	GML001223_mRNA2	PF07247.18	Partial	Unchanged
GML001223	GML001223_mRNA3	PF07247.18	Partial	Unchanged
GML001224	GML001224_mRNA1	PF00010.32	Partial	None
GML001225	GML001225_mRNA1	PF03556.22,PF14555.13,PF22566.3	Partial	None
GML001226	GML001226_mRNA1	PF25773.2,PF26557.1	Complete	None
GML001226	GML001226_mRNA2	PF25773.2,PF26557.1	Complete	Unchanged
GML001227	GML001227_mRNA1	PF03847.21	Complete	None
GML001228	GML001228_mRNA1	PF03169.21	Partial	None
GML001228	GML001228_mRNA2	PF03169.21	Partial	Unchanged
GML001229	GML001229_mRNA1		None	None
GML001230	GML001230_mRNA1	PF00270.36,PF00271.38,PF04851.22,PF05773.28,PF21010.3,PF24385.2,PF24899.2	Complete	None
GML001230	GML001230_mRNA2	PF00270.36,PF00271.38,PF04851.22,PF05773.28,PF24385.2,PF24899.2	Complete	Loss
GML001231	GML001231_mRNA1		None	None
GML001232	GML001232_mRNA1	PF00346.25	Partial	None
GML001233	GML001233_mRNA1	PF00226.37	Partial	None
GML001233	GML001233_mRNA2	PF00226.37	Partial	Unchanged
GML001234	GML001234_mRNA1		None	None
GML001235	GML001235_mRNA1		None	None
GML001236	GML001236_mRNA1	PF28230.1	Complete	None
GML001237	GML001237_mRNA1	PF01028.26,PF02919.21,PF14370.12	Complete	None
GML001237	GML001237_mRNA2	PF01028.26,PF02919.21,PF14370.12	Complete	Unchanged
GML001238	GML001238_mRNA1	PF00075.31,PF01693.24	Partial	None
GML001239	GML001239_mRNA1	PF00069.32,PF00659.25,PF00659.25,PF07714.24,PF14531.13	Complete	None
GML001240	GML001240_mRNA1	PF01193.30,PF13656.12	Partial	None
GML001241	GML001241_mRNA1	PF02671.27,PF02671.27,PF02671.27,PF08295.18,PF16879.11	Complete	None
GML001241	GML001241_mRNA2	PF02671.27,PF02671.27,PF02671.27,PF08295.18,PF16879.11	Complete	Unchanged
GML001242	GML001242_mRNA1	PF00168.37,PF06292.24	Complete	None
GML001243	GML001243_mRNA1	PF02201.24	Partial	None
GML001244	GML001244_mRNA1	PF00071.29,PF00071.29,PF04939.18,PF08355.18,PF08356.19,PF13202.13	Complete	None
GML001245	GML001245_mRNA1	PF01722.24	Partial	None
GML001246	GML001246_mRNA1	PF00076.29,PF08662.18	Complete	None
GML001247	GML001247_mRNA1	PF00487.31	Partial	None
GML001248	GML001248_mRNA1		None	None
GML001249	GML001249_mRNA1	PF01644.24,PF03142.22,PF13632.13,PF13641.13,PF22997.2	Complete	None
GML001250	GML001250_mRNA1	PF12783.14,PF16206.10,PF16213.12	Complete	None
GML001251	GML001251_mRNA1	PF00248.28	Partial	None
GML001252	GML001252_mRNA1	PF01126.26	Partial	None
GML001253	GML001253_mRNA1	PF13238.13	Partial	None
GML001254	GML001254_mRNA1		None	None
GML001255	GML001255_mRNA1		None	None
GML001255	GML001255_mRNA2		None	Unchanged
GML001256	GML001256_mRNA1		None	None
GML001257	GML001257_mRNA1		None	None
GML001258	GML001258_mRNA1		None	None
GML001259	GML001259_mRNA1	PF01490.25	Partial	None
GML001259	GML001259_mRNA2	PF01490.25	Partial	Unchanged
GML001260	GML001260_mRNA1	PF02580.23	Partial	None
GML001261	GML001261_mRNA1	PF00344.26	Partial	None
GML001262	GML001262_mRNA1	PF00885.25	Partial	None
GML001263	GML001263_mRNA1	PF29153.1	Partial	None
GML001264	GML001264_mRNA1	PF05495.18	Partial	None
GML001264	GML001264_mRNA2	PF05495.18	Partial	Unchanged
GML001265	GML001265_mRNA1		None	None
GML001266	GML001266_mRNA1	PF00067.28	Partial	None
GML001267	GML001267_mRNA1	PF00134.29,PF02984.25	Complete	None
GML001268	GML001268_mRNA1	PF02330.22	Partial	None
GML001269	GML001269_mRNA1	PF00076.29,PF00076.29,PF00076.29,PF00076.29,PF00076.29,PF13893.13,PF13893.13	Complete	None
GML001270	GML001270_mRNA1	PF16076.11	Complete	None
GML001271	GML001271_mRNA1	PF13175.13,PF13476.13	Partial	None
GML001272	GML001272_mRNA1	PF00096.33,PF00096.33,PF00096.33,PF00096.33,PF13894.13	Complete	None
GML001273	GML001273_mRNA1	PF11778.15	Complete	None
GML001273	GML001273_mRNA2	PF11778.15	Complete	Unchanged
GML001274	GML001274_mRNA1		None	None
GML001275	GML001275_mRNA1	PF00270.36,PF00271.38	Complete	None
GML001275	GML001275_mRNA2	PF00270.36,PF00271.38	Complete	Unchanged
GML001275	GML001275_mRNA3		None	Loss
GML001276	GML001276_mRNA1		None	None
GML001277	GML001277_mRNA1	PF00010.32	Complete	None
GML001278	GML001278_mRNA1		None	None
GML001279	GML001279_mRNA1	PF03583.21	Partial	None
GML001280	GML001280_mRNA1	PF03583.21	Partial	None
GML001281	GML001281_mRNA1	PF03583.21	Partial	None
GML001282	GML001282_mRNA1	PF03583.21	Partial	None
GML001283	GML001283_mRNA1	PF03583.21	Partial	None
GML001284	GML001284_mRNA1	PF00169.36,PF16746.11	Complete	None
GML001285	GML001285_mRNA1		None	None
GML001285	GML001285_mRNA2		None	Unchanged
GML001286	GML001286_mRNA1		None	None
GML001287	GML001287_mRNA1	PF01138.28	Partial	None
GML001288	GML001288_mRNA1	PF04191.19,PF04191.19	Complete	None
GML001289	GML001289_mRNA1	PF00083.31,PF07690.22,PF07690.22	Partial	None
GML001290	GML001290_mRNA1		None	None
GML001291	GML001291_mRNA1	PF06772.17	Partial	None
GML001291	GML001291_mRNA2	PF06772.17	Partial	Unchanged
GML001292	GML001292_mRNA1		None	None
GML001293	GML001293_mRNA1	PF13741.13	Partial	None
GML001294	GML001294_mRNA1		None	None
GML001295	GML001295_mRNA1	PF30011.1	Partial	None
GML001296	GML001296_mRNA1	PF00854.28	Partial	None
GML001297	GML001297_mRNA1	PF01491.23	Partial	None
GML001297	GML001297_mRNA2	PF01491.23	Partial	Unchanged
GML001298	GML001298_mRNA1	PF02205.27	Partial	None
GML001299	GML001299_mRNA1		None	None
GML001300	GML001300_mRNA1		None	None
GML001301	GML001301_mRNA1		None	None
GML001302	GML001302_mRNA1	PF00208.28,PF05088.19,PF23147.3,PF23152.2	Complete	None
GML001303	GML001303_mRNA1		None	None
GML001304	GML001304_mRNA1		None	None
GML001305	GML001305_mRNA1	PF00928.27,PF00928.27	Partial	None
GML001306	GML001306_mRNA1	PF00156.34,PF13793.13,PF14572.13	Partial	None
GML001307	GML001307_mRNA1		None	None
GML001308	GML001308_mRNA1		None	None
GML001308	GML001308_mRNA2		None	Unchanged
GML001309	GML001309_mRNA1		None	None
GML001310	GML001310_mRNA1	PF12584.14,PF23036.3,PF23273.2,PF23274.2,PF23285.2,PF24967.2	Complete	None
GML001311	GML001311_mRNA1		None	None
GML001312	GML001312_mRNA1		None	None
GML001312	GML001312_mRNA2		None	Unchanged
GML001313	GML001313_mRNA1	PF00005.34,PF00005.34,PF00664.29,PF00664.29	Complete	None
GML001314	GML001314_mRNA1	PF00083.31,PF07690.22	Partial	None
GML001315	GML001315_mRNA1	PF03372.30	Partial	None
GML001315	GML001315_mRNA2	PF03372.30	Partial	Unchanged
GML001316	GML001316_mRNA1	PF00262.26	Partial	None
GML001317	GML001317_mRNA1	PF09135.17	Partial	None
GML001318	GML001318_mRNA1		None	None
GML001319	GML001319_mRNA1	PF08695.17	Partial	None
GML001320	GML001320_mRNA1	PF01435.25,PF29481.1	Complete	None
GML001320	GML001320_mRNA2	PF01435.25,PF29481.1	Complete	Unchanged
GML001321	GML001321_mRNA1		None	None
GML001322	GML001322_mRNA1	PF10357.17,PF12171.15,PF12874.14,PF25095.2	Partial	None
GML001323	GML001323_mRNA1	PF00443.36,PF13423.13	Complete	None
GML001324	GML001324_mRNA1		None	None
GML001325	GML001325_mRNA1	PF00249.38,PF00249.38,PF00249.38,PF13921.13,PF13921.13,PF13921.13	Complete	None
GML001326	GML001326_mRNA1	PF00763.29,PF02882.26	Partial	None
GML001327	GML001327_mRNA1	PF00566.26,PF00566.26	Complete	None
GML001328	GML001328_mRNA1	PF00012.27,PF06723.20	Partial	None
GML001329	GML001329_mRNA1		None	None
GML001329	GML001329_mRNA2		None	Unchanged
GML001330	GML001330_mRNA1	PF00400.39,PF00400.39,PF00400.39,PF00400.39	Complete	None
GML001331	GML001331_mRNA1	PF00953.27	Partial	None
GML001332	GML001332_mRNA1	PF00623.26,PF04983.24,PF04997.18,PF04998.23,PF05000.23	Complete	None
GML001333	GML001333_mRNA1	PF13233.13	Partial	None
GML001334	GML001334_mRNA1	PF00180.26	Partial	None
GML001335	GML001335_mRNA1	PF00709.28	Partial	None
GML001336	GML001336_mRNA1	PF03901.24	Partial	None
GML001337	GML001337_mRNA1	PF01627.29	Partial	None
GML001338	GML001338_mRNA1	PF00702.33,PF13242.13,PF13344.13	Complete	None
GML001339	GML001339_mRNA1	PF06212.18	Partial	None
GML001340	GML001340_mRNA1	PF00009.34,PF11987.14	Complete	None
GML001341	GML001341_mRNA1	PF01926.30,PF02421.25,PF02824.28,PF03915.19,PF13513.13,PF16897.11,PF18808.8,PF18816.8,PF18829.8,PF23153.2,PF25574.2,PF25780.2	Complete	None
GML001341	GML001341_mRNA2	PF01926.30,PF02421.25,PF02824.28,PF03915.19,PF13513.13,PF16897.11,PF18808.8,PF18816.8,PF18829.8,PF23153.2,PF25574.2,PF25780.2	Complete	Unchanged
GML001342	GML001342_mRNA1	PF00078.33,PF12009.14	Complete	None
GML001343	GML001343_mRNA1	PF00383.30	Complete	None
GML001343	GML001343_mRNA2	PF00383.30	Partial	Truncated
GML001343	GML001343_mRNA3	PF00383.30	Partial	Truncated
GML001344	GML001344_mRNA1		None	None
GML001345	GML001345_mRNA1	PF04855.18,PF04855.18	Partial	None
GML001346	GML001346_mRNA1	PF02383.24	Partial	None
GML001346	GML001346_mRNA2	PF02383.24	Partial	Unchanged
GML001347	GML001347_mRNA1	PF29146.1	Partial	None
GML001348	GML001348_mRNA1	PF04969.23	Partial	None
GML001349	GML001349_mRNA1		None	None
GML001350	GML001350_mRNA1	PF00318.26	Partial	None
GML001350	GML001350_mRNA2	PF00318.26	Partial	Unchanged
GML001351	GML001351_mRNA1	PF03798.22	Partial	None
GML001352	GML001352_mRNA1	PF00018.35,PF00790.26,PF07653.24,PF14604.13	Complete	None
GML001353	GML001353_mRNA1	PF01267.23	Partial	None
GML001354	GML001354_mRNA1	PF00632.31,PF25579.2	Complete	None
GML001354	GML001354_mRNA2	PF00632.31,PF25579.2	Complete	Unchanged
GML001355	GML001355_mRNA1	PF07690.22	Partial	None
GML001355	GML001355_mRNA2	PF07690.22	Partial	Unchanged
GML001356	GML001356_mRNA1	PF00106.32	Partial	None
GML001357	GML001357_mRNA1	PF00400.39,PF00400.39	Complete	None
GML001358	GML001358_mRNA1	PF03540.20	Partial	None
GML001358	GML001358_mRNA2	PF03540.20	Partial	Unchanged
GML001359	GML001359_mRNA1	PF10483.16	Partial	None
GML001360	GML001360_mRNA1	PF22646.3	Complete	None
GML001360	GML001360_mRNA2	PF22646.3	Complete	Unchanged
GML001360	GML001360_mRNA3	PF22646.3	Complete	Unchanged
GML001360	GML001360_mRNA4	PF22646.3	Complete	Unchanged
GML001361	GML001361_mRNA1	PF00752.24,PF00867.24	Complete	None
GML001362	GML001362_mRNA1	PF10615.15,PF29581.1	Partial	None
GML001363	GML001363_mRNA1	PF08234.18	Complete	None
GML001363	GML001363_mRNA2	PF08234.18	Complete	Unchanged
GML001364	GML001364_mRNA1		None	None
GML001365	GML001365_mRNA1	PF03372.30	Partial	None
GML001366	GML001366_mRNA1		None	None
GML001367	GML001367_mRNA1		None	None
GML001367	GML001367_mRNA2		None	Unchanged
GML001368	GML001368_mRNA1	PF28115.1	Partial	None
GML001368	GML001368_mRNA2		None	Loss
GML001369	GML001369_mRNA1	PF10313.16	Complete	None
GML001370	GML001370_mRNA1	PF01266.31,PF02724.20	Complete	None
GML001370	GML001370_mRNA2	PF01266.31	Partial	Loss,Truncated
GML001371	GML001371_mRNA1	PF00083.31,PF07690.22	Partial	None
GML001371	GML001371_mRNA2	PF00083.31,PF07690.22	Partial	Unchanged
GML001372	GML001372_mRNA1	PF01363.28,PF11464.14	Complete	None
GML001373	GML001373_mRNA1		None	None
GML001374	GML001374_mRNA1		None	None
GML001374	GML001374_mRNA2		None	Unchanged
GML001375	GML001375_mRNA1	PF07228.18,PF13672.12	Partial	None
GML001375	GML001375_mRNA2	PF07228.18,PF13672.12	Partial	Unchanged
GML001376	GML001376_mRNA1	PF04050.21	Complete	None
GML001377	GML001377_mRNA1	PF01161.27	Partial	None
GML001378	GML001378_mRNA1		None	None
GML001379	GML001379_mRNA1		None	None
GML001380	GML001380_mRNA1	PF02284.22	Partial	None
GML001380	GML001380_mRNA2	PF02284.22	Partial	Unchanged
GML001381	GML001381_mRNA1		None	None
GML001382	GML001382_mRNA1		None	None
GML001383	GML001383_mRNA1		None	None
GML001384	GML001384_mRNA1	PF29361.1	Complete	None
GML001385	GML001385_mRNA1	PF04810.21,PF04811.22,PF04815.21,PF08033.18	Complete	None
GML001386	GML001386_mRNA1	PF11701.16	Partial	None
GML001387	GML001387_mRNA1	PF08733.16	Partial	None
GML001387	GML001387_mRNA2	PF08733.16	Partial	Unchanged
GML001388	GML001388_mRNA1	PF00004.36,PF00004.36,PF00158.33,PF07724.21,PF07728.21,PF10431.16,PF17871.8,PF23569.2	Complete	None
GML001388	GML001388_mRNA2	PF00004.36,PF00004.36,PF00158.33,PF07724.21,PF07728.21,PF10431.16,PF17871.8,PF23569.2	Complete	Unchanged
GML001389	GML001389_mRNA1	PF08226.17,PF08226.17,PF08226.17,PF12763.14,PF12763.14	Complete	None
GML001389	GML001389_mRNA2	PF08226.17,PF08226.17,PF08226.17,PF12763.14,PF12763.14	Complete	Unchanged
GML001390	GML001390_mRNA1		None	None
GML001391	GML001391_mRNA1	PF00962.29,PF03070.22,PF08543.18,PF19326.6	Complete	None
GML001391	GML001391_mRNA2	PF00962.29,PF03070.22,PF08543.18,PF19326.6	Complete	Unchanged
GML001391	GML001391_mRNA3	PF00962.29,PF19326.6	Partial	Loss
GML001392	GML001392_mRNA1	PF03070.22,PF08543.18	Partial	None
GML001392	GML001392_mRNA2	PF03070.22,PF08543.18	Partial	Unchanged
GML001393	GML001393_mRNA1	PF00491.27	Partial	None
GML001394	GML001394_mRNA1	PF00023.37,PF00023.37,PF03009.24,PF03105.25,PF12796.14,PF12796.14,PF13637.13,PF25329.2	Complete	None
GML001394	GML001394_mRNA2	PF03009.24,PF25329.2	Partial	Loss,Truncated
GML001395	GML001395_mRNA1	PF04176.19	Partial	None
GML001396	GML001396_mRNA1	PF02777.24,PF02777.24	Complete	None
GML001396	GML001396_mRNA2	PF02777.24	Partial	Truncated
GML001397	GML001397_mRNA1		None	None
GML001398	GML001398_mRNA1		None	None
GML001399	GML001399_mRNA1	PF00117.35,PF06418.21	Partial	None
GML001400	GML001400_mRNA1	PF05871.19	Partial	None
GML001401	GML001401_mRNA1		None	None
GML001402	GML001402_mRNA1	PF08313.18	Partial	None
GML001402	GML001402_mRNA2	PF08313.18	Partial	Unchanged
GML001403	GML001403_mRNA1	PF00646.39,PF12937.13,PF25372.2,PF25372.2	Complete	None
GML001404	GML001404_mRNA1	PF00806.26,PF00806.26	Complete	None
GML001404	GML001404_mRNA2	PF00806.26,PF00806.26	Complete	Unchanged
GML001405	GML001405_mRNA1		None	None
GML001406	GML001406_mRNA1	PF01399.34,PF01873.24,PF02020.25	Complete	None
GML001406	GML001406_mRNA2	PF01873.24,PF02020.25	Complete	Loss,Truncated
GML001407	GML001407_mRNA1	PF05182.19	Complete	None
GML001408	GML001408_mRNA1	PF00169.36,PF29106.1	Complete	None
GML001408	GML001408_mRNA2	PF00169.36,PF29106.1	Complete	Unchanged
GML001409	GML001409_mRNA1		None	None
GML001410	GML001410_mRNA1		None	None
GML001411	GML001411_mRNA1	PF01704.25	Partial	None
GML001412	GML001412_mRNA1	PF00370.28,PF02782.23	Complete	None
GML001413	GML001413_mRNA1		None	None
GML001414	GML001414_mRNA1	PF00702.33,PF13419.13	Partial	None
GML001415	GML001415_mRNA1	PF06201.20	Partial	None
GML001416	GML001416_mRNA1	PF00300.28	Partial	None
GML001417	GML001417_mRNA1	PF05064.19,PF13634.12,PF13634.12,PF13634.12,PF13634.12,PF13634.12,PF13634.12,PF13634.12	Complete	None
GML001418	GML001418_mRNA1	PF04193.20	Complete	None
GML001419	GML001419_mRNA1	PF00490.28	Partial	None
GML001420	GML001420_mRNA1	PF03357.27	Partial	None
GML001421	GML001421_mRNA1	PF00400.39,PF00400.39,PF00400.39,PF12894.14,PF23098.2,PF24807.2	Complete	None
GML001421	GML001421_mRNA2	PF00400.39,PF00400.39,PF00400.39,PF12894.14,PF23098.2,PF24807.2	Complete	Unchanged
GML001422	GML001422_mRNA1		None	None
GML001423	GML001423_mRNA1	PF00069.32,PF07714.24	Partial	None
GML001424	GML001424_mRNA1	PF08737.16,PF08737.16	Partial	None
GML001425	GML001425_mRNA1		None	None
GML001425	GML001425_mRNA2		None	Unchanged
GML001426	GML001426_mRNA1	PF00153.33,PF00153.33,PF00153.33	Complete	None
GML001426	GML001426_mRNA2	PF00153.33,PF00153.33,PF00153.33	Complete	Unchanged
GML001427	GML001427_mRNA1	PF03803.22	Partial	None
GML001428	GML001428_mRNA1	PF01088.28,PF18031.7	Complete	None
GML001429	GML001429_mRNA1		None	None
GML001430	GML001430_mRNA1	PF00085.27	Partial	None
GML001431	GML001431_mRNA1	PF00702.33,PF03959.20	Partial	None
GML001431	GML001431_mRNA2	PF00702.33	Partial	Loss
GML001431	GML001431_mRNA3	PF00702.33	Partial	Loss
GML001432	GML001432_mRNA1	PF03959.20	Partial	None
GML001433	GML001433_mRNA1		None	None
GML001434	GML001434_mRNA1	PF01546.34,PF07687.20	Complete	None
GML001435	GML001435_mRNA1	PF01652.25	Partial	None
GML001436	GML001436_mRNA1	PF00320.34	Complete	None
GML001436	GML001436_mRNA2	PF00320.34	Complete	Unchanged
GML001436	GML001436_mRNA3		None	Loss
GML001437	GML001437_mRNA1		None	None
GML001438	GML001438_mRNA1		None	None
GML001438	GML001438_mRNA2		None	Unchanged
GML001439	GML001439_mRNA1	PF00172.24,PF04082.24	Partial	None
GML001440	GML001440_mRNA1		None	None
GML001441	GML001441_mRNA1	PF00670.28,PF02826.26,PF05221.24,PF05221.24	Partial	None
GML001442	GML001442_mRNA1	PF00445.24,PF25488.2	Complete	None
GML001442	GML001442_mRNA2	PF00445.24,PF25488.2	Complete	Unchanged
GML001443	GML001443_mRNA1		None	None
GML001444	GML001444_mRNA1	PF01602.27	Partial	None
GML001445	GML001445_mRNA1	PF00070.34,PF07992.21	Complete	None
GML001446	GML001446_mRNA1	PF08171.17,PF08311.19	Complete	None
GML001447	GML001447_mRNA1	PF04113.21	Partial	None
GML001448	GML001448_mRNA1		None	None
GML001449	GML001449_mRNA1	PF00702.33,PF13246.13,PF16209.11,PF16212.12	Complete	None
GML001449	GML001449_mRNA2	PF00702.33,PF13246.13,PF16209.11,PF16212.12	Complete	Unchanged
GML001450	GML001450_mRNA1	PF02656.21,PF03105.25,PF09359.16	Complete	None
GML001451	GML001451_mRNA1	PF01266.31,PF13450.13	Partial	None
GML001452	GML001452_mRNA1	PF00069.32,PF07714.24	Partial	None
GML001453	GML001453_mRNA1	PF00018.35,PF07653.24,PF24584.2	Complete	None
GML001454	GML001454_mRNA1	PF00118.30	Partial	None
GML001454	GML001454_mRNA2	PF00118.30	Partial	Unchanged
GML001455	GML001455_mRNA1	PF00069.32,PF00498.32,PF04437.20,PF07714.24	Complete	None
GML001456	GML001456_mRNA1	PF29062.1	Partial	None
GML001456	GML001456_mRNA2	PF29062.1	Partial	Unchanged
GML001456	GML001456_mRNA3	PF29062.1	Partial	Unchanged
GML001457	GML001457_mRNA1	PF00046.36	Partial	None
GML001458	GML001458_mRNA1	PF26147.1	Partial	None
GML001459	GML001459_mRNA1	PF08614.17	Partial	None
GML001460	GML001460_mRNA1	PF00107.33,PF08240.18	Partial	None
GML001461	GML001461_mRNA1	PF03901.24	Partial	None
GML001462	GML001462_mRNA1	PF00648.28	Partial	None
GML001463	GML001463_mRNA1	PF04756.20	Partial	None
GML001464	GML001464_mRNA1		None	None
GML001465	GML001465_mRNA1		None	None
GML001466	GML001466_mRNA1	PF05057.22	Partial	None
GML001467	GML001467_mRNA1	PF03874.22	Partial	None
GML001468	GML001468_mRNA1	PF00324.28,PF13520.13	Partial	None
GML001469	GML001469_mRNA1	PF08704.17	Partial	None
GML001470	GML001470_mRNA1	PF00270.36,PF00271.38,PF13959.12	Complete	None
GML001471	GML001471_mRNA1	PF00270.36,PF00270.36,PF00271.38,PF00271.38,PF02889.22,PF02889.22,PF04851.22,PF04851.22,PF23445.2,PF23445.2	Complete	None
GML001471	GML001471_mRNA2	PF00270.36,PF00270.36,PF00271.38,PF00271.38,PF02889.22,PF02889.22,PF04851.22,PF04851.22,PF23445.2,PF23445.2	Complete	Unchanged
GML001472	GML001472_mRNA1	PF10153.15	Partial	None
GML001473	GML001473_mRNA1	PF01926.30,PF02421.25,PF02824.28,PF16897.11	Complete	None
GML001474	GML001474_mRNA1	PF04912.20	Partial	None
GML001474	GML001474_mRNA2	PF04912.20	Partial	Unchanged
GML001475	GML001475_mRNA1	PF00171.28	Partial	None
GML001476	GML001476_mRNA1	PF28686.1,PF28686.1	Complete	None
GML001477	GML001477_mRNA1	PF04178.19	Partial	None
GML001478	GML001478_mRNA1		None	None
GML001479	GML001479_mRNA1	PF10863.15	Partial	None
GML001480	GML001480_mRNA1	PF00447.24	Partial	None
GML001481	GML001481_mRNA1	PF00365.26,PF00365.26,PF18468.7	Complete	None
GML001482	GML001482_mRNA1	PF00722.29	Partial	None
GML001482	GML001482_mRNA2	PF00722.29	Partial	Unchanged
GML001483	GML001483_mRNA1	PF07574.20,PF08746.18	Complete	None
GML001484	GML001484_mRNA1	PF00622.37	Complete	None
GML001485	GML001485_mRNA1		None	None
GML001486	GML001486_mRNA1	PF19050.6,PF19050.6	Partial	None
GML001487	GML001487_mRNA1	PF00172.24,PF04082.24	Partial	None
GML001488	GML001488_mRNA1	PF12658.14	Partial	None
GML001489	GML001489_mRNA1	PF04042.22,PF18018.8	Partial	None
GML001490	GML001490_mRNA1	PF00773.26,PF17849.8,PF17877.8	Complete	None
GML001491	GML001491_mRNA1	PF01227.28	Partial	None
GML001492	GML001492_mRNA1	PF01425.27	Partial	None
GML001492	GML001492_mRNA2	PF01425.27	Partial	Unchanged
GML001493	GML001493_mRNA1	PF00133.29,PF09334.18,PF09635.16,PF19303.6	Complete	None
GML001494	GML001494_mRNA1	PF00168.37,PF00168.37,PF02666.21	Complete	None
GML001495	GML001495_mRNA1		None	None
GML001496	GML001496_mRNA1	PF00448.29,PF03308.23	Partial	None
GML001497	GML001497_mRNA1		None	None
GML001498	GML001498_mRNA1	PF04893.23	Partial	None
GML001499	GML001499_mRNA1	PF00133.29,PF00133.29,PF09334.18	Partial	None
GML001499	GML001499_mRNA2	PF00133.29,PF00133.29,PF09334.18	Partial	Unchanged
GML001500	GML001500_mRNA1	PF00004.36,PF00004.36,PF00439.31,PF17862.8,PF31015.1	Complete	None
GML001501	GML001501_mRNA1	PF06093.20	Partial	None
GML001502	GML001502_mRNA1	PF02096.27	Partial	None
GML001503	GML001503_mRNA1		None	None
GML001504	GML001504_mRNA1	PF10607.15	Complete	None
GML001505	GML001505_mRNA1	PF01163.29,PF06293.21	Partial	None
GML001506	GML001506_mRNA1	PF10296.16	Partial	None
GML001507	GML001507_mRNA1	PF01467.33	Partial	None
GML001508	GML001508_mRNA1	PF00581.26	Partial	None
GML001509	GML001509_mRNA1	PF00722.29	Partial	None
GML001510	GML001510_mRNA1	PF01417.27,PF07651.23	Partial	None
GML001511	GML001511_mRNA1	PF03656.19,PF29083.1	Partial	None
GML001512	GML001512_mRNA1	PF01246.27	Partial	None
GML001512	GML001512_mRNA2	PF01246.27	Partial	Unchanged
GML001513	GML001513_mRNA1		None	None
GML001514	GML001514_mRNA1	PF12328.14	Partial	None
GML001514	GML001514_mRNA2		None	Loss
GML001515	GML001515_mRNA1	PF28749.1	Partial	None
GML001516	GML001516_mRNA1	PF00702.33,PF13242.13,PF13344.13	Complete	None
GML001517	GML001517_mRNA1		None	None
GML001518	GML001518_mRNA1	PF00632.31,PF13191.13,PF24913.2	Complete	None
GML001518	GML001518_mRNA2	PF00632.31	Complete	Loss
GML001519	GML001519_mRNA1	PF13191.13,PF24913.2	Complete	None
GML001520	GML001520_mRNA1	PF00172.24	Complete	None
GML001521	GML001521_mRNA1		None	None
GML001522	GML001522_mRNA1	PF29151.1,PF29158.1	Complete	None
GML001523	GML001523_mRNA1	PF01119.26,PF02518.32,PF13589.13,PF16413.11	Complete	None
GML001524	GML001524_mRNA1	PF08743.16,PF15412.12	Complete	None
GML001525	GML001525_mRNA1	PF00814.32	Partial	None
GML001525	GML001525_mRNA2	PF00814.32	Partial	Unchanged
GML001525	GML001525_mRNA3	PF00814.32	Partial	Unchanged
GML001526	GML001526_mRNA1	PF00153.33,PF00153.33,PF00153.33	Complete	None
GML001527	GML001527_mRNA1		None	None
GML001528	GML001528_mRNA1	PF00324.28,PF13520.13	Partial	None
GML001529	GML001529_mRNA1	PF00005.34,PF00005.34,PF00664.29,PF00664.29	Complete	None
GML001530	GML001530_mRNA1	PF00181.31,PF03947.25	Partial	None
GML001531	GML001531_mRNA1	PF00076.29,PF00076.29	Complete	None
GML001532	GML001532_mRNA1	PF02320.23	Partial	None
GML001533	GML001533_mRNA1	PF01248.32	Partial	None
GML001534	GML001534_mRNA1		None	None
GML001535	GML001535_mRNA1	PF00083.31,PF07690.22	Partial	None
GML001536	GML001536_mRNA1	PF01151.24	Partial	None
GML001536	GML001536_mRNA2	PF01151.24	Partial	Unchanged
GML001537	GML001537_mRNA1		None	None
GML001538	GML001538_mRNA1	PF24563.2	Complete	None
GML001539	GML001539_mRNA1	PF00400.39,PF00400.39	Complete	None
GML001539	GML001539_mRNA2	PF00400.39,PF00400.39	Complete	Unchanged
GML001540	GML001540_mRNA1		None	None
GML001541	GML001541_mRNA1	PF01633.27,PF04428.20	Partial	None
GML001541	GML001541_mRNA2	PF01633.27,PF04428.20	Partial	Unchanged
GML001542	GML001542_mRNA1		None	None
GML001542	GML001542_mRNA2		None	Unchanged
GML001543	GML001543_mRNA1	PF08578.16	Complete	None
GML001544	GML001544_mRNA1		None	None
GML001545	GML001545_mRNA1		None	None
GML001546	GML001546_mRNA1		None	None
GML001546	GML001546_mRNA2		None	Unchanged
GML001547	GML001547_mRNA1	PF00646.39	Partial	None
GML001548	GML001548_mRNA1	PF00875.25,PF03441.20	Partial	None
GML001549	GML001549_mRNA1	PF00005.34,PF00005.34,PF13304.13	Complete	None
GML001550	GML001550_mRNA1	PF11051.15	Partial	None
GML001551	GML001551_mRNA1	PF07690.22	Partial	None
GML001552	GML001552_mRNA1	PF27671.1,PF27671.1,PF27673.1	Complete	None
GML001553	GML001553_mRNA1	PF09084.17	Partial	None
GML001554	GML001554_mRNA1	PF11765.14	Partial	None
GML001555	GML001555_mRNA1		None	None
GML001556	GML001556_mRNA1		None	None
GML001557	GML001557_mRNA1	PF13462.13	Partial	None
GML001558	GML001558_mRNA1		None	None
GML001558	GML001558_mRNA2		None	Unchanged
GML001559	GML001559_mRNA1		None	None
GML001560	GML001560_mRNA1	PF00018.35,PF00018.35,PF07653.24,PF14604.13	Complete	None
GML001561	GML001561_mRNA1	PF00808.30	Partial	None
GML001562	GML001562_mRNA1	PF00172.24	Complete	None
GML001562	GML001562_mRNA2	PF00172.24	Complete	Unchanged
GML001563	GML001563_mRNA1	PF01842.32,PF10369.16,PF22629.3	Complete	None
GML001563	GML001563_mRNA2	PF01842.32,PF10369.16,PF22629.3	Complete	Unchanged
GML001564	GML001564_mRNA1		None	None
GML001565	GML001565_mRNA1		None	None
GML001566	GML001566_mRNA1	PF00018.35,PF07653.24,PF14604.13	Complete	None
GML001567	GML001567_mRNA1	PF01145.32	Partial	None
GML001567	GML001567_mRNA2	PF01145.32	Partial	Unchanged
GML001568	GML001568_mRNA1	PF25506.2	Partial	None
GML001568	GML001568_mRNA2	PF25506.2	Partial	Unchanged
GML001569	GML001569_mRNA1	PF00580.28,PF13245.13,PF13361.13,PF13538.13	Complete	None
GML001569	GML001569_mRNA2	PF00580.28,PF13245.13,PF13361.13,PF13538.13	Complete	Unchanged
GML001570	GML001570_mRNA1	PF02115.24	Partial	None
GML001571	GML001571_mRNA1		None	None
GML001571	GML001571_mRNA2		None	Unchanged
GML001572	GML001572_mRNA1		None	None
GML001573	GML001573_mRNA1		None	None
GML001574	GML001574_mRNA1	PF01019.28	Partial	None
GML001575	GML001575_mRNA1	PF00248.28	Partial	None
GML001576	GML001576_mRNA1		None	None
GML001577	GML001577_mRNA1	PF01794.26,PF08022.19,PF08030.18	Complete	None
GML001578	GML001578_mRNA1		None	None
GML001579	GML001579_mRNA1	PF05730.17	Partial	None
GML001580	GML001580_mRNA1	PF05730.17	Partial	None
GML001581	GML001581_mRNA1	PF05730.17	Partial	None
GML001582	GML001582_mRNA1	PF00067.28	Partial	None
GML001583	GML001583_mRNA1	PF00650.26,PF03765.22,PF13716.12	Complete	None
GML001583	GML001583_mRNA2	PF00650.26,PF03765.22,PF13716.12	Complete	Truncated
GML001584	GML001584_mRNA1	PF04479.19	Partial	None
GML001585	GML001585_mRNA1	PF04479.19	Partial	None
GML001586	GML001586_mRNA1	PF07727.20	Partial	None
GML001587	GML001587_mRNA1	PF04479.19	Partial	None
GML001588	GML001588_mRNA1	PF00172.24	Partial	None
GML001588	GML001588_mRNA2		None	Loss
GML001589	GML001589_mRNA1		None	None
GML001589	GML001589_mRNA2		None	Unchanged
GML001590	GML001590_mRNA1		None	None
GML001591	GML001591_mRNA1		None	None
GML001592	GML001592_mRNA1		None	None
GML001593	GML001593_mRNA1		None	None
GML001594	GML001594_mRNA1		None	None
GML001595	GML001595_mRNA1	PF00339.35	Partial	None
GML001596	GML001596_mRNA1	PF00082.28,PF05922.22	Partial	None
GML001597	GML001597_mRNA1	PF00324.28,PF13520.13	Partial	None
GML001598	GML001598_mRNA1	PF00324.28,PF13520.13	Partial	None
GML001599	GML001599_mRNA1	PF03171.27,PF14226.13	Partial	None
GML001600	GML001600_mRNA1		None	None
GML001600	GML001600_mRNA2		None	Unchanged
GML001601	GML001601_mRNA1		None	None
GML001601	GML001601_mRNA2		None	Unchanged
GML001602	GML001602_mRNA1	PF00933.28,PF01915.28,PF07691.18,PF14310.13	Complete	None
GML001603	GML001603_mRNA1	PF00106.32,PF08659.17,PF13561.13	Partial	None
GML001604	GML001604_mRNA1		None	None
GML001604	GML001604_mRNA2	PF04909.21	Partial	Gain
GML001605	GML001605_mRNA1	PF00701.29	Partial	None
GML001606	GML001606_mRNA1	PF00083.31,PF07690.22	Partial	None
GML001607	GML001607_mRNA1	PF05592.19,PF08531.17,PF17389.9,PF17390.8,PF25788.3	Complete	None
GML001608	GML001608_mRNA1	PF00172.24,PF04082.24	Partial	None
GML001609	GML001609_mRNA1	PF02746.22,PF13378.13	Partial	None
GML001610	GML001610_mRNA1	PF00173.34,PF01070.25,PF01645.24	Partial	None
GML001611	GML001611_mRNA1		None	None
GML001611	GML001611_mRNA2		None	Unchanged
GML001612	GML001612_mRNA1		None	None
GML001613	GML001613_mRNA1	PF07691.18,PF10528.15	Partial	None
GML001614	GML001614_mRNA1		None	None
GML001614	GML001614_mRNA2		None	Unchanged
GML001615	GML001615_mRNA1	PF26215.1	Partial	None
GML001616	GML001616_mRNA1		None	None
GML001617	GML001617_mRNA1		None	None
GML001618	GML001618_mRNA1	PF21762.4	Partial	None
GML001619	GML001619_mRNA1		None	None
GML001620	GML001620_mRNA1		None	None
GML001620	GML001620_mRNA2		None	Unchanged
GML001621	GML001621_mRNA1	PF00324.28,PF13520.13	Partial	None
GML001622	GML001622_mRNA1	PF02906.20	Partial	None
GML001622	GML001622_mRNA2	PF02906.20	Partial	Unchanged
GML001623	GML001623_mRNA1	PF00082.28,PF01483.28	Complete	None
GML001623	GML001623_mRNA2	PF00082.28,PF01483.28	Complete	Unchanged
GML001624	GML001624_mRNA1	PF00479.29,PF02781.22	Partial	None
GML001625	GML001625_mRNA1		None	None
GML001626	GML001626_mRNA1	PF00082.28,PF05922.22	Partial	None
GML001627	GML001627_mRNA1	PF00082.28,PF05922.22	Partial	None
GML001627	GML001627_mRNA2	PF00082.28,PF05922.22	Partial	Unchanged
GML001628	GML001628_mRNA1		None	None
GML001629	GML001629_mRNA1	PF00626.28,PF04810.21,PF04811.22,PF04815.21,PF08033.18	Complete	None
GML001630	GML001630_mRNA1	PF10392.16,PF20649.4	Partial	None
GML001631	GML001631_mRNA1	PF00082.28,PF05922.22	Partial	None
GML001632	GML001632_mRNA1	PF09428.18	Partial	None
GML001632	GML001632_mRNA2	PF09428.18	Partial	Unchanged
GML001633	GML001633_mRNA1	PF00023.37,PF00023.37,PF00023.37,PF00023.37,PF12796.14,PF12796.14,PF12796.14,PF13606.13,PF13606.13,PF13637.13,PF13637.13,PF13857.13	Complete	None
GML001633	GML001633_mRNA2	PF00023.37,PF00023.37,PF00023.37,PF00023.37,PF12796.14,PF12796.14,PF12796.14,PF13606.13,PF13606.13,PF13637.13,PF13637.13,PF13857.13	Complete	Unchanged
GML001634	GML001634_mRNA1		None	None
GML001635	GML001635_mRNA1	PF00782.26	Partial	None
GML001635	GML001635_mRNA2	PF00782.26	Partial	Unchanged
GML001636	GML001636_mRNA1	PF07955.18	Partial	None
GML001637	GML001637_mRNA1		None	None
GML001638	GML001638_mRNA1	PF03169.21	Partial	None
GML001638	GML001638_mRNA2	PF03169.21	Partial	Unchanged
GML001639	GML001639_mRNA1	PF04387.20	Partial	None
GML001640	GML001640_mRNA1	PF04387.20	Partial	None
GML001641	GML001641_mRNA1	PF09295.17,PF09295.17	Partial	None
GML001642	GML001642_mRNA1	PF00211.26,PF00481.27,PF12799.14,PF13855.13,PF13855.13,PF13855.13,PF13855.13,PF21187.3,PF23010.3,PF23598.2,PF23598.2	Complete	None
GML001643	GML001643_mRNA1	PF00324.28,PF13520.13	Partial	None
GML001643	GML001643_mRNA2	PF00324.28,PF13520.13	Partial	Unchanged
GML001644	GML001644_mRNA1	PF01433.27,PF11838.15,PF17900.7,PF17900.7	Partial	None
GML001645	GML001645_mRNA1	PF03169.21	Partial	None
GML001646	GML001646_mRNA1	PF00120.30,PF03951.25	Partial	None
GML001647	GML001647_mRNA1	PF03169.21	Partial	None
GML001648	GML001648_mRNA1		None	None
GML001649	GML001649_mRNA1	PF00005.34,PF00005.34,PF00664.29,PF00664.29	Complete	None
GML001649	GML001649_mRNA2	PF00005.34,PF00005.34,PF00664.29,PF00664.29	Complete	Unchanged
GML001649	GML001649_mRNA3	PF00005.34,PF00005.34,PF00664.29,PF00664.29	Complete	Unchanged
GML001650	GML001650_mRNA1	PF08643.17	Partial	None
GML001651	GML001651_mRNA1		None	None
GML001652	GML001652_mRNA1	PF08426.16	Partial	None
GML001653	GML001653_mRNA1	PF06862.18,PF22916.3	Complete	None
GML001654	GML001654_mRNA1	PF03834.22	Partial	None
GML001655	GML001655_mRNA1	PF02996.23	Partial	None
GML001656	GML001656_mRNA1		None	None
GML001657	GML001657_mRNA1	PF29361.1	Complete	None
GML001658	GML001658_mRNA1	PF03169.21	Partial	None
GML001659	GML001659_mRNA1	PF03169.21	Partial	None
GML001659	GML001659_mRNA2	PF03169.21	Partial	Unchanged
GML001660	GML001660_mRNA1	PF00150.25	Partial	None
GML001661	GML001661_mRNA1	PF00067.28	Partial	None
GML001662	GML001662_mRNA1		None	None
GML001662	GML001662_mRNA2		None	Unchanged
GML001662	GML001662_mRNA3		None	Unchanged
GML001662	GML001662_mRNA4		None	Unchanged
GML001663	GML001663_mRNA1		None	None
GML001664	GML001664_mRNA1		None	None
GML001665	GML001665_mRNA1	PF07798.17	Partial	None
GML001666	GML001666_mRNA1		None	None
GML001667	GML001667_mRNA1		None	None
GML001668	GML001668_mRNA1	PF01926.30,PF06071.20	Complete	None
GML001669	GML001669_mRNA1		None	None
GML001670	GML001670_mRNA1	PF00023.37,PF00023.37,PF01843.26,PF12796.14,PF13606.13	Complete	None
GML001671	GML001671_mRNA1	PF00878.25,PF02157.22	Complete	None
GML001672	GML001672_mRNA1	PF01602.27,PF08752.17,PF16381.11	Complete	None
GML001673	GML001673_mRNA1	PF11051.15	Partial	None
GML001674	GML001674_mRNA1	PF08579.18	Partial	None
GML001674	GML001674_mRNA2		None	Loss
GML001675	GML001675_mRNA1	PF00646.39,PF12937.13	Partial	None
GML001675	GML001675_mRNA2	PF00646.39,PF12937.13	Partial	Unchanged
GML001676	GML001676_mRNA1	PF12807.13,PF13236.12,PF13374.13,PF13374.13,PF13424.13,PF13424.13,PF15044.12	Complete	None
GML001677	GML001677_mRNA1	PF00579.32	Partial	None
GML001678	GML001678_mRNA1	PF01777.26	Partial	None
GML001678	GML001678_mRNA2	PF00467.36,PF01777.26	Partial	Gain
GML001679	GML001679_mRNA1	PF00069.32,PF07714.24	Partial	None
GML001679	GML001679_mRNA2	PF00069.32,PF07714.24	Partial	Unchanged
GML001680	GML001680_mRNA1	PF00929.32,PF16978.12,PF16979.12	Complete	None
GML001680	GML001680_mRNA2	PF00929.32,PF16979.12	Partial	Loss,Truncated
GML001681	GML001681_mRNA1	PF00616.25	Complete	None
GML001681	GML001681_mRNA2		None	Loss
GML001682	GML001682_mRNA1		None	None
GML001683	GML001683_mRNA1	PF04427.24	Partial	None
GML001684	GML001684_mRNA1	PF01694.29	Complete	None
GML001685	GML001685_mRNA1	PF10501.16	Partial	None
GML001685	GML001685_mRNA2	PF10501.16	Partial	Unchanged
GML001685	GML001685_mRNA3	PF10501.16	Partial	Unchanged
GML001686	GML001686_mRNA1	PF00564.31,PF00571.34,PF00571.34,PF00571.34,PF00571.34	Complete	None
GML001686	GML001686_mRNA2	PF00564.31,PF00571.34,PF00571.34,PF00571.34,PF00571.34	Complete	Unchanged
GML001687	GML001687_mRNA1	PF01255.25	Partial	None
GML001688	GML001688_mRNA1	PF11712.14	Partial	None
GML001689	GML001689_mRNA1	PF07973.20	Complete	None
GML001690	GML001690_mRNA1	PF00380.26	Partial	None
GML001691	GML001691_mRNA1	PF00249.38	Complete	None
GML001692	GML001692_mRNA1	PF00004.36,PF13191.13,PF13401.13,PF22606.3	Complete	None
GML001692	GML001692_mRNA2	PF00004.36,PF13191.13,PF13401.13,PF22606.3	Complete	Unchanged
GML001693	GML001693_mRNA1		None	None
GML001694	GML001694_mRNA1	PF00400.39,PF00400.39,PF00400.39,PF01191.25,PF03871.21,PF11816.14	Complete	None
GML001694	GML001694_mRNA2	PF01191.25,PF03871.21	Complete	Loss,Truncated
GML001695	GML001695_mRNA1	PF01872.23	Partial	None
GML001696	GML001696_mRNA1	PF01151.24	Partial	None
GML001697	GML001697_mRNA1	PF00294.30	Partial	None
GML001698	GML001698_mRNA1	PF01399.34,PF22591.3	Complete	None
GML001699	GML001699_mRNA1	PF13862.12	Partial	None
GML001700	GML001700_mRNA1		None	None
GML001701	GML001701_mRNA1	PF03114.24,PF04739.21,PF06456.19,PF16561.12	Complete	None
GML001701	GML001701_mRNA2	PF03114.24,PF04739.21,PF06456.19,PF16561.12	Complete	Unchanged
GML001701	GML001701_mRNA3	PF03114.24,PF06456.19	Partial	Loss,Truncated
GML001702	GML001702_mRNA1	PF00628.36,PF13771.13,PF13831.13,PF13832.13	Complete	None
GML001702	GML001702_mRNA2	PF00628.36,PF13771.13,PF13831.13,PF13832.13	Complete	Unchanged
GML001702	GML001702_mRNA3	PF00628.36,PF13831.13,PF13832.13	Complete	Loss
GML001702	GML001702_mRNA4	PF00628.36,PF13771.13,PF13831.13,PF13832.13	Complete	Unchanged
GML001703	GML001703_mRNA1		None	None
GML001704	GML001704_mRNA1	PF01285.25	Partial	None
GML001705	GML001705_mRNA1	PF00731.27,PF02222.28,PF02786.23,PF17769.8,PF22660.3	Complete	None
GML001706	GML001706_mRNA1		None	None
GML001707	GML001707_mRNA1	PF25476.2	Partial	None
GML001708	GML001708_mRNA1	PF00615.25,PF27892.1,PF27892.1	Complete	None
GML001709	GML001709_mRNA1		None	None
GML001710	GML001710_mRNA1		None	None
GML001711	GML001711_mRNA1		None	None
GML001712	GML001712_mRNA1		None	None
GML001713	GML001713_mRNA1	PF01553.27,PF07792.18,PF08616.16,PF09794.15	Complete	None
GML001713	GML001713_mRNA2	PF07792.18,PF08616.16,PF09794.15	Complete	Loss
GML001714	GML001714_mRNA1		None	None
GML001715	GML001715_mRNA1	PF01553.27	Partial	None
GML001715	GML001715_mRNA2	PF01553.27	Partial	Unchanged
GML001716	GML001716_mRNA1	PF08518.17,PF08518.17,PF12205.14,PF23742.2	Complete	None
GML001717	GML001717_mRNA1	PF04889.18	Partial	None
GML001718	GML001718_mRNA1	PF29063.1	Complete	None
GML001719	GML001719_mRNA1	PF20945.3	Partial	None
GML001719	GML001719_mRNA2	PF20945.3	Partial	Unchanged
GML001720	GML001720_mRNA1		None	None
GML001721	GML001721_mRNA1	PF01564.24,PF17284.8	Partial	None
GML001722	GML001722_mRNA1	PF08731.18	Partial	None
GML001723	GML001723_mRNA1	PF13716.12	Partial	None
GML001724	GML001724_mRNA1		None	None
GML001725	GML001725_mRNA1		None	None
GML001726	GML001726_mRNA1		None	None
GML001727	GML001727_mRNA1		None	None
GML001728	GML001728_mRNA1	PF00149.34	Partial	None
GML001728	GML001728_mRNA2	PF00149.34	Partial	Unchanged
GML001728	GML001728_mRNA3	PF00149.34	Partial	Unchanged
GML001729	GML001729_mRNA1	PF00025.28,PF00503.27	Partial	None
GML001730	GML001730_mRNA1	PF00675.26,PF05193.27	Partial	None
GML001731	GML001731_mRNA1		None	None
GML001732	GML001732_mRNA1	PF00177.28	Partial	None
GML001733	GML001733_mRNA1	PF09184.17	Partial	None
GML001734	GML001734_mRNA1	PF05328.18	Partial	None
GML001734	GML001734_mRNA2	PF05328.18	Partial	Unchanged
GML001735	GML001735_mRNA1	PF00155.28	Partial	None
GML001735	GML001735_mRNA2	PF00155.28	Partial	Unchanged
GML001736	GML001736_mRNA1	PF10294.16,PF13489.13	Partial	None
GML001737	GML001737_mRNA1	PF07690.22	Partial	None
GML001738	GML001738_mRNA1	PF07896.18	Complete	None
GML001739	GML001739_mRNA1	PF02636.24	Partial	None
GML001740	GML001740_mRNA1	PF00149.34,PF16891.11	Complete	None
GML001740	GML001740_mRNA2	PF00149.34,PF16891.11	Complete	Unchanged
GML001741	GML001741_mRNA1		None	None
GML001741	GML001741_mRNA2		None	Unchanged
GML001742	GML001742_mRNA1		None	None
GML001743	GML001743_mRNA1	PF00025.28,PF00071.29,PF01926.30,PF08477.20	Partial	None
GML001744	GML001744_mRNA1	PF01984.26	Partial	None
GML001745	GML001745_mRNA1	PF00225.30,PF16796.12	Partial	None
GML001746	GML001746_mRNA1	PF00097.32,PF12678.14,PF13639.13,PF25563.1	Complete	None
GML001747	GML001747_mRNA1	PF02892.22,PF04090.19	Complete	None
GML001748	GML001748_mRNA1		None	None
GML001749	GML001749_mRNA1		None	None
GML001750	GML001750_mRNA1	PF00118.30	Partial	None
GML001751	GML001751_mRNA1	PF00172.24,PF04082.24	Partial	None
GML001752	GML001752_mRNA1	PF06218.17	Partial	None
GML001753	GML001753_mRNA1	PF00125.31,PF16211.11	Complete	None
GML001754	GML001754_mRNA1	PF07047.18	Partial	None
GML001755	GML001755_mRNA1	PF02602.21	Partial	None
GML001756	GML001756_mRNA1	PF00023.37,PF01833.31,PF12796.14,PF25603.2	Complete	None
GML001757	GML001757_mRNA1	PF00076.29	Partial	None
GML001758	GML001758_mRNA1	PF28838.1	Partial	None
GML001759	GML001759_mRNA1	PF03169.21	Partial	None
GML001760	GML001760_mRNA1	PF00339.35	Partial	None
GML001761	GML001761_mRNA1	PF03169.21	Partial	None
GML001762	GML001762_mRNA1		None	None
GML001763	GML001763_mRNA1	PF03169.21	Partial	None
GML001764	GML001764_mRNA1	PF03169.21	Partial	None
GML001765	GML001765_mRNA1	PF10355.15	Partial	None
GML001765	GML001765_mRNA2	PF10355.15	Partial	Unchanged
GML001766	GML001766_mRNA1	PF11765.14,PF15789.11,PF15789.11,PF15789.11,PF15789.11,PF15789.11,PF15789.11,PF15789.11,PF15789.11,PF15789.11,PF15789.11,PF15789.11,PF15789.11,PF15789.11,PF15789.11,PF15789.11	Complete	None
GML001767	GML001767_mRNA1		None	None
GML001768	GML001768_mRNA1		None	None
GML001769	GML001769_mRNA1	PF11765.14	Partial	None
GML001770	GML001770_mRNA1	PF05792.19,PF05792.19,PF05792.19,PF05792.19,PF05792.19,PF05792.19,PF05792.19,PF05792.19,PF05792.19,PF05792.19,PF05792.19,PF05792.19,PF05792.19,PF05792.19,PF05792.19,PF05792.19,PF05792.19,PF05792.19,PF05792.19,PF05792.19,PF05792.19,PF05792.19,PF05792.19,PF05792.19,PF05792.19,PF05792.19,PF05792.19,PF05792.19,PF05792.19,PF05792.19,PF05792.19,PF05792.19,PF05792.19,PF05792.19,PF05792.19,PF05792.19,PF05792.19,PF05792.19,PF05792.19,PF05792.19,PF05792.19,PF05792.19,PF05792.19,PF05792.19,PF05792.19,PF05792.19,PF05792.19,PF05792.19,PF11766.15	Complete	None
GML001771	GML001771_mRNA1	PF07690.22	Partial	None
GML001772	GML001772_mRNA1	PF00106.32,PF08659.17,PF13561.13	Partial	None
GML001773	GML001773_mRNA1	PF00160.27	Partial	None
GML001774	GML001774_mRNA1	PF00069.32,PF01636.30,PF07714.24	Partial	None
GML001775	GML001775_mRNA1	PF04180.20	Partial	None
GML001776	GML001776_mRNA1		None	None
GML001777	GML001777_mRNA1		None	None
GML001778	GML001778_mRNA1		None	None
GML001778	GML001778_mRNA2		None	Unchanged
GML001779	GML001779_mRNA1		None	None
GML001780	GML001780_mRNA1		None	None
GML001780	GML001780_mRNA2		None	Unchanged
GML001780	GML001780_mRNA3		None	Unchanged
GML001781	GML001781_mRNA1		None	None
GML001781	GML001781_mRNA2		None	Unchanged
GML001782	GML001782_mRNA1	PF01554.24,PF01554.24	Partial	None
GML001783	GML001783_mRNA1	PF00005.34,PF00005.34	Partial	None
GML001784	GML001784_mRNA1	PF08190.18	Partial	None
GML001784	GML001784_mRNA2	PF08190.18	Partial	Unchanged
GML001785	GML001785_mRNA1	PF03099.25,PF09825.16	Complete	None
GML001786	GML001786_mRNA1	PF12678.14,PF12861.14	Partial	None
GML001787	GML001787_mRNA1	PF01040.24	Partial	None
GML001787	GML001787_mRNA2	PF01040.24	Partial	Unchanged
GML001788	GML001788_mRNA1	PF29748.1	Partial	None
GML001789	GML001789_mRNA1	PF00696.34,PF01472.27	Complete	None
GML001790	GML001790_mRNA1	PF00472.27	Partial	None
GML001791	GML001791_mRNA1		None	None
GML001791	GML001791_mRNA2		None	Unchanged
GML001792	GML001792_mRNA1	PF00657.29,PF13472.13	Partial	None
GML001793	GML001793_mRNA1	PF00005.34,PF00005.34,PF12848.14	Complete	None
GML001794	GML001794_mRNA1	PF04003.18	Complete	None
GML001795	GML001795_mRNA1	PF00156.34	Partial	None
GML001796	GML001796_mRNA1	PF03810.26	Partial	None
GML001797	GML001797_mRNA1	PF11919.14,PF16507.12,PF16547.11,PF23096.2	Complete	None
GML001798	GML001798_mRNA1	PF12325.14,PF12329.14	Complete	None
GML001798	GML001798_mRNA2	PF12325.14,PF12329.14	Complete	Unchanged
GML001799	GML001799_mRNA1		None	None
GML001800	GML001800_mRNA1		None	None
GML001801	GML001801_mRNA1		None	None
GML001802	GML001802_mRNA1		None	None
GML001803	GML001803_mRNA1	PF06428.17,PF25555.3	Partial	None
GML001804	GML001804_mRNA1	PF02181.29,PF06367.23,PF06371.20	Complete	None
GML001804	GML001804_mRNA2	PF02181.29,PF06367.23,PF06371.20	Complete	Unchanged
GML001805	GML001805_mRNA1		None	None
GML001806	GML001806_mRNA1		None	None
GML001806	GML001806_mRNA2		None	Unchanged
GML001807	GML001807_mRNA1	PF00083.31	Partial	None
GML001807	GML001807_mRNA2	PF00083.31,PF07690.22	Partial	Gain
GML001808	GML001808_mRNA1	PF04893.23	Partial	None
GML001808	GML001808_mRNA2	PF04893.23	Partial	Unchanged
GML001808	GML001808_mRNA3	PF04893.23	Partial	Unchanged
GML001809	GML001809_mRNA1	PF00069.32,PF07714.24	Partial	None
GML001809	GML001809_mRNA2	PF00069.32,PF07714.24	Partial	Unchanged
GML001810	GML001810_mRNA1		None	None
GML001810	GML001810_mRNA2		None	Unchanged
GML001811	GML001811_mRNA1		None	None
GML001811	GML001811_mRNA2		None	Unchanged
GML001812	GML001812_mRNA1	PF04573.18	Partial	None
GML001812	GML001812_mRNA2	PF04573.18	Partial	Unchanged
GML001813	GML001813_mRNA1	PF01406.26,PF09334.18	Partial	None
GML001813	GML001813_mRNA2	PF01406.26,PF09334.18	Partial	Unchanged
GML001814	GML001814_mRNA1	PF01929.24	Partial	None
GML001814	GML001814_mRNA2	PF01929.24	Partial	Unchanged
GML001815	GML001815_mRNA1	PF00009.34,PF00679.31,PF03144.32,PF03764.25,PF14492.13,PF22042.3	Complete	None
GML001816	GML001816_mRNA1		None	None
GML001817	GML001817_mRNA1		None	None
GML001817	GML001817_mRNA2		None	Unchanged
GML001818	GML001818_mRNA1	PF00227.32,PF10584.15	Partial	None
GML001819	GML001819_mRNA1	PF01529.26	Partial	None
GML001820	GML001820_mRNA1	PF00578.28,PF08534.17,PF10417.15	Complete	None
GML001821	GML001821_mRNA1	PF17119.11	Partial	None
GML001821	GML001821_mRNA2	PF17119.11	Partial	Unchanged
GML001822	GML001822_mRNA1	PF02893.27,PF16016.12	Complete	None
GML001822	GML001822_mRNA2	PF02893.27,PF16016.12	Complete	Unchanged
GML001823	GML001823_mRNA1	PF01450.26,PF07991.19	Partial	None
GML001824	GML001824_mRNA1	PF00069.32,PF07714.24	Partial	None
GML001825	GML001825_mRNA1	PF00255.26	Partial	None
GML001826	GML001826_mRNA1	PF29336.1	Partial	None
GML001827	GML001827_mRNA1	PF03162.19	Partial	None
GML001828	GML001828_mRNA1	PF02109.22	Partial	None
GML001829	GML001829_mRNA1	PF00025.28,PF00071.29,PF01926.30,PF08477.20	Partial	None
GML001830	GML001830_mRNA1	PF12998.13	Partial	None
GML001831	GML001831_mRNA1	PF00096.33,PF00096.33	Complete	None
GML001832	GML001832_mRNA1	PF01210.30,PF01210.30,PF07479.20	Complete	None
GML001832	GML001832_mRNA2	PF01210.30,PF01210.30,PF07479.20	Complete	Unchanged
GML001833	GML001833_mRNA1	PF00397.33,PF00856.34,PF08236.18,PF17907.8	Complete	None
GML001834	GML001834_mRNA1		None	None
GML001835	GML001835_mRNA1	PF00202.28	Partial	None
GML001836	GML001836_mRNA1		None	None
GML001837	GML001837_mRNA1	PF00069.32,PF07714.24,PF14531.13,PF17667.8	Partial	None
GML001838	GML001838_mRNA1	PF02805.22	Partial	None
GML001839	GML001839_mRNA1		None	None
GML001840	GML001840_mRNA1	PF01794.26,PF08022.19,PF08030.18	Complete	None
GML001841	GML001841_mRNA1	PF00817.26	Partial	None
GML001842	GML001842_mRNA1	PF00097.32,PF04757.20,PF13445.13,PF13639.13,PF13920.13	Complete	None
GML001843	GML001843_mRNA1	PF05637.19	Partial	None
GML001843	GML001843_mRNA2	PF05637.19	Partial	Unchanged
GML001844	GML001844_mRNA1	PF01388.28	Complete	None
GML001844	GML001844_mRNA2	PF01388.28	Complete	Unchanged
GML001845	GML001845_mRNA1	PF00355.33,PF00848.26	Partial	None
GML001846	GML001846_mRNA1	PF13181.13,PF13181.13,PF13432.13	Complete	None
GML001847	GML001847_mRNA1	PF00815.26,PF01502.24,PF01503.23	Complete	None
GML001848	GML001848_mRNA1	PF00144.30	Partial	None
GML001849	GML001849_mRNA1	PF07690.22	Partial	None
GML001850	GML001850_mRNA1	PF00056.30,PF02866.24	Partial	None
GML001851	GML001851_mRNA1	PF00493.30,PF01078.28,PF07728.21,PF14551.12,PF17207.10,PF17855.8,PF21128.6	Complete	None
GML001852	GML001852_mRNA1		None	None
GML001853	GML001853_mRNA1	PF08551.17	Partial	None
GML001854	GML001854_mRNA1	PF12739.13	Partial	None
GML001855	GML001855_mRNA1	PF12768.14,PF20842.5,PF20843.5	Complete	None
GML001856	GML001856_mRNA1	PF15901.11,PF15901.11,PF15902.13,PF15902.13	Complete	None
GML001857	GML001857_mRNA1	PF20976.3	Partial	None
GML001857	GML001857_mRNA2	PF20976.3	Partial	Unchanged
GML001858	GML001858_mRNA1		None	None
GML001859	GML001859_mRNA1	PF00397.33,PF00397.33,PF01846.26,PF01846.26,PF05856.18	Complete	None
GML001859	GML001859_mRNA2	PF05856.18	Partial	Loss,Truncated
GML001860	GML001860_mRNA1	PF04082.24	Partial	None
GML001860	GML001860_mRNA2	PF04082.24	Partial	Unchanged
GML001861	GML001861_mRNA1		None	None
GML001862	GML001862_mRNA1	PF03639.20,PF17652.8	Partial	None
GML001862	GML001862_mRNA2	PF03639.20,PF17652.8	Partial	Unchanged
GML001862	GML001862_mRNA3	PF03639.20,PF17652.8,PF17652.8	Partial	Unchanged
GML001862	GML001862_mRNA4	PF03639.20,PF17652.8,PF17652.8	Partial	Unchanged
GML001863	GML001863_mRNA1	PF01529.26	Partial	None
GML001864	GML001864_mRNA1		None	None
GML001864	GML001864_mRNA2		None	Unchanged
GML001864	GML001864_mRNA3		None	Unchanged
GML001865	GML001865_mRNA1		None	None
GML001866	GML001866_mRNA1	PF02005.23	Partial	None
GML001866	GML001866_mRNA2	PF02005.23	Partial	Unchanged
GML001867	GML001867_mRNA1	PF01735.24	Partial	None
GML001868	GML001868_mRNA1		None	None
GML001869	GML001869_mRNA1		None	None
GML001870	GML001870_mRNA1	PF09159.17	Partial	None
GML001871	GML001871_mRNA1	PF02441.26	Complete	None
GML001872	GML001872_mRNA1	PF00717.29	Partial	None
GML001873	GML001873_mRNA1		None	None
GML001874	GML001874_mRNA1		None	None
GML001875	GML001875_mRNA1		None	None
GML001876	GML001876_mRNA1	PF06978.17,PF08170.18,PF22770.3	Complete	None
GML001877	GML001877_mRNA1	PF04722.19	Partial	None
GML001878	GML001878_mRNA1	PF03416.26	Partial	None
GML001879	GML001879_mRNA1	PF01585.29	Complete	None
GML001880	GML001880_mRNA1	PF00226.37,PF12171.15,PF12874.14,PF21884.3	Complete	None
GML001880	GML001880_mRNA2	PF00226.37,PF12171.15,PF12874.14,PF21884.3	Complete	Truncated
GML001881	GML001881_mRNA1		None	None
GML001882	GML001882_mRNA1	PF00587.31	Partial	None
GML001883	GML001883_mRNA1	PF00076.29	Complete	None
GML001884	GML001884_mRNA1	PF00481.27	Partial	None
GML001885	GML001885_mRNA1	PF01853.26,PF17772.8	Complete	None
GML001886	GML001886_mRNA1	PF01026.28	Partial	None
GML001886	GML001886_mRNA2	PF01026.28	Partial	Unchanged
GML001887	GML001887_mRNA1	PF00226.37	Partial	None
GML001888	GML001888_mRNA1	PF00006.32,PF02874.30,PF22919.2	Complete	None
GML001888	GML001888_mRNA2	PF00006.32,PF22919.2	Complete	Loss
GML001889	GML001889_mRNA1	PF00628.36,PF02373.29,PF02375.24	Complete	None
GML001890	GML001890_mRNA1	PF01210.30,PF02558.23,PF03807.24,PF14748.12	Partial	None
GML001891	GML001891_mRNA1	PF28567.1	Partial	None
GML001892	GML001892_mRNA1	PF00270.36,PF00271.38,PF04851.22	Complete	None
GML001893	GML001893_mRNA1		None	None
GML001894	GML001894_mRNA1	PF00155.28,PF00266.26,PF01053.27,PF01053.27	Partial	None
GML001894	GML001894_mRNA2	PF00266.26,PF01053.27,PF01053.27	Partial	Loss
GML001895	GML001895_mRNA1	PF29133.1	Partial	None
GML001896	GML001896_mRNA1		None	None
GML001896	GML001896_mRNA2		None	Unchanged
GML001897	GML001897_mRNA1	PF08591.16	Partial	None
GML001897	GML001897_mRNA2	PF08591.16	Partial	Unchanged
GML001898	GML001898_mRNA1	PF00202.28	Partial	None
GML001899	GML001899_mRNA1	PF00999.27,PF08619.16,PF08619.16	Partial	None
GML001899	GML001899_mRNA2	PF00999.27,PF08619.16,PF08619.16	Partial	Unchanged
GML001900	GML001900_mRNA1	PF04752.18	Partial	None
GML001901	GML001901_mRNA1	PF00013.36	Partial	None
GML001902	GML001902_mRNA1	PF04253.21,PF04389.23	Complete	None
GML001902	GML001902_mRNA2	PF04253.21,PF04389.23	Complete	Unchanged
GML001903	GML001903_mRNA1	PF00097.32,PF13445.13	Complete	None
GML001904	GML001904_mRNA1	PF06703.17	Partial	None
GML001905	GML001905_mRNA1	PF00106.32,PF13561.13	Partial	None
GML001906	GML001906_mRNA1	PF01866.23	Partial	None
GML001907	GML001907_mRNA1	PF01733.25,PF25459.2	Complete	None
GML001907	GML001907_mRNA2	PF25459.2	Complete	Loss
GML001908	GML001908_mRNA1		None	None
GML001909	GML001909_mRNA1		None	None
GML001909	GML001909_mRNA2		None	Unchanged
GML001909	GML001909_mRNA3		None	Unchanged
GML001910	GML001910_mRNA1	PF00155.28,PF00366.27	Complete	None
GML001911	GML001911_mRNA1		None	None
GML001911	GML001911_mRNA2		None	Unchanged
GML001912	GML001912_mRNA1		None	None
GML001913	GML001913_mRNA1	PF00176.30,PF00271.38,PF04851.22	Complete	None
GML001914	GML001914_mRNA1	PF04124.19	Partial	None
GML001915	GML001915_mRNA1	PF01992.22	Partial	None
GML001916	GML001916_mRNA1	PF02144.22	Partial	None
GML001917	GML001917_mRNA1		None	None
GML001918	GML001918_mRNA1	PF13520.13	Partial	None
GML001919	GML001919_mRNA1	PF01975.24	Partial	None
GML001920	GML001920_mRNA1	PF07727.20	Partial	None
GML001921	GML001921_mRNA1	PF00106.32,PF08659.17,PF13561.13	Partial	None
GML001922	GML001922_mRNA1	PF10176.15	Partial	None
GML001922	GML001922_mRNA2	PF10176.15	Partial	Unchanged
GML001923	GML001923_mRNA1	PF00153.33,PF00153.33,PF00153.33	Complete	None
GML001924	GML001924_mRNA1	PF02002.24	Partial	None
GML001925	GML001925_mRNA1	PF00250.25	Partial	None
GML001926	GML001926_mRNA1	PF01125.23	Partial	None
GML001927	GML001927_mRNA1		None	None
GML001928	GML001928_mRNA1	PF13928.12,PF13928.12,PF13928.12,PF13928.12	Complete	None
GML001928	GML001928_mRNA2	PF13928.12,PF13928.12,PF13928.12,PF13928.12	Complete	Unchanged
GML001928	GML001928_mRNA3	PF13928.12,PF13928.12,PF13928.12,PF13928.12	Complete	Unchanged
GML001928	GML001928_mRNA4	PF13928.12,PF13928.12,PF13928.12,PF13928.12	Complete	Unchanged
GML001929	GML001929_mRNA1		None	None
GML001930	GML001930_mRNA1		None	None
GML001931	GML001931_mRNA1		None	None
GML001932	GML001932_mRNA1	PF00175.27,PF00667.27	Complete	None
GML001933	GML001933_mRNA1	PF01565.29,PF02913.25	Partial	None
GML001934	GML001934_mRNA1	PF08265.17	Complete	None
GML001935	GML001935_mRNA1	PF04628.20	Partial	None
GML001936	GML001936_mRNA1		None	None
GML001937	GML001937_mRNA1	PF02179.22	Partial	None
GML001938	GML001938_mRNA1	PF00226.37,PF14308.12	Partial	None
GML001939	GML001939_mRNA1	PF00333.27,PF03719.22	Complete	None
GML001940	GML001940_mRNA1	PF10998.15	Partial	None
GML001941	GML001941_mRNA1	PF00076.29	Complete	None
GML001942	GML001942_mRNA1		None	None
GML001943	GML001943_mRNA1		None	None
GML001944	GML001944_mRNA1	PF00107.33,PF08240.18	Partial	None
GML001945	GML001945_mRNA1	PF12757.13	Complete	None
GML001946	GML001946_mRNA1		None	None
GML001946	GML001946_mRNA2		None	Unchanged
GML001947	GML001947_mRNA1	PF00248.28	Partial	None
GML001948	GML001948_mRNA1	PF00132.31,PF12464.14,PF14602.13	Complete	None
GML001949	GML001949_mRNA1	PF04893.23	Partial	None
GML001949	GML001949_mRNA2		None	Loss
GML001950	GML001950_mRNA1	PF04893.23	Partial	None
GML001951	GML001951_mRNA1	PF00026.29	Partial	None
GML001952	GML001952_mRNA1	PF02878.23,PF02879.24,PF02880.23,PF03452.21	Complete	None
GML001953	GML001953_mRNA1	PF08606.17	Partial	None
GML001954	GML001954_mRNA1	PF06687.18	Partial	None
GML001955	GML001955_mRNA1	PF00533.34,PF03031.25	Complete	None
GML001955	GML001955_mRNA2	PF00533.34,PF03031.25	Complete	Unchanged
GML001955	GML001955_mRNA3	PF00533.34,PF03031.25	Complete	Unchanged
GML001956	GML001956_mRNA1	PF10406.15	Complete	None
GML001957	GML001957_mRNA1	PF00240.30,PF00627.38,PF11976.15,PF23195.2	Complete	None
GML001958	GML001958_mRNA1	PF00320.34	Complete	None
GML001959	GML001959_mRNA1		None	None
GML001960	GML001960_mRNA1	PF10429.16	Partial	None
GML001960	GML001960_mRNA2	PF10429.16	Partial	Unchanged
GML001960	GML001960_mRNA3	PF10429.16,PF10429.16	Partial	Unchanged
GML001961	GML001961_mRNA1	PF21953.2	Partial	None
GML001962	GML001962_mRNA1	PF00467.36,PF00900.27,PF01479.31,PF08071.18,PF16121.11	Complete	None
GML001963	GML001963_mRNA1	PF00566.26,PF23436.2	Partial	None
GML001964	GML001964_mRNA1	PF28298.1	Complete	None
GML001965	GML001965_mRNA1	PF00172.24,PF03902.19	Complete	None
GML001966	GML001966_mRNA1	PF00270.36,PF00271.38,PF00570.29,PF09382.18,PF11408.14,PF16124.11	Complete	None
GML001967	GML001967_mRNA1		None	None
GML001968	GML001968_mRNA1	PF00642.31,PF00642.31	Complete	None
GML001969	GML001969_mRNA1		None	None
GML001970	GML001970_mRNA1		None	None
GML001971	GML001971_mRNA1		None	None
GML001972	GML001972_mRNA1	PF12074.14,PF12074.14,PF13513.13,PF23271.2,PF23271.2,PF24916.2,PF24984.2,PF24987.2,PF24993.2,PF25786.1,PF25801.2,PF26715.1	Complete	None
GML001973	GML001973_mRNA1	PF00096.33,PF00096.33	Complete	None
GML001973	GML001973_mRNA2	PF00096.33,PF00096.33	Complete	Unchanged
GML001974	GML001974_mRNA1		None	None
GML001975	GML001975_mRNA1	PF00076.29,PF00076.29,PF01398.27	Complete	None
GML001975	GML001975_mRNA2	PF01398.27	Partial	Loss,Truncated
GML001976	GML001976_mRNA1	PF00443.36,PF00443.36,PF13423.13	Complete	None
GML001977	GML001977_mRNA1	PF03226.22	Partial	None
GML001978	GML001978_mRNA1	PF00237.25,PF30687.1	Complete	None
GML001978	GML001978_mRNA2	PF00237.25,PF30687.1	Complete	Unchanged
GML001978	GML001978_mRNA3		None	Loss
GML001979	GML001979_mRNA1	PF00237.25	Partial	None
GML001980	GML001980_mRNA1	PF08229.17	Partial	None
GML001981	GML001981_mRNA1	PF00025.28,PF00071.29,PF08477.20	Partial	None
GML001982	GML001982_mRNA1	PF00076.29,PF28224.2	Complete	None
GML001982	GML001982_mRNA2	PF00076.29,PF28224.2	Complete	Unchanged
GML001983	GML001983_mRNA1		None	None
GML001984	GML001984_mRNA1	PF00400.39,PF00400.39	Complete	None
GML001985	GML001985_mRNA1	PF00106.32,PF08659.17	Partial	None
GML001986	GML001986_mRNA1	PF00069.32,PF07714.24	Complete	None
GML001987	GML001987_mRNA1	PF00298.25	Partial	None
GML001988	GML001988_mRNA1		None	None
GML001989	GML001989_mRNA1	PF00400.39,PF00400.39	Complete	None
GML001990	GML001990_mRNA1	PF02347.23,PF02347.23,PF21478.4	Complete	None
GML001991	GML001991_mRNA1	PF00009.34,PF03143.24,PF03144.32,PF22594.3	Complete	None
GML001992	GML001992_mRNA1	PF00571.34,PF00571.34	Complete	None
GML001993	GML001993_mRNA1	PF00173.34,PF00487.31	Complete	None
GML001994	GML001994_mRNA1	PF00787.30	Partial	None
GML001995	GML001995_mRNA1	PF00107.33,PF08240.18	Partial	None
GML001996	GML001996_mRNA1	PF00456.27,PF02779.30,PF02780.26,PF22613.2	Complete	None
GML001997	GML001997_mRNA1	PF09463.16	Partial	None
GML001997	GML001997_mRNA2		None	Loss
GML001998	GML001998_mRNA1	PF04065.21,PF04153.25	Complete	None
GML001999	GML001999_mRNA1	PF01451.28	Partial	None
GML002000	GML002000_mRNA1	PF05397.18,PF09606.16,PF16987.11	Complete	None
GML002000	GML002000_mRNA2	PF05397.18,PF09606.16,PF16987.11	Complete	Unchanged
GML002000	GML002000_mRNA3	PF05397.18,PF09606.16,PF16987.11	Complete	Unchanged
GML002001	GML002001_mRNA1	PF00400.39,PF00400.39,PF00400.39,PF00400.39,PF00400.39,PF00400.39,PF00400.39,PF04003.18,PF25172.2	Complete	None
GML002001	GML002001_mRNA2	PF00400.39,PF00400.39,PF00400.39,PF00400.39,PF00400.39,PF00400.39,PF00400.39,PF04003.18,PF25172.2	Complete	Unchanged
GML002002	GML002002_mRNA1	PF01735.24	Partial	None
GML002003	GML002003_mRNA1		None	None
GML002004	GML002004_mRNA1	PF00324.28,PF13520.13	Partial	None
GML002005	GML002005_mRNA1	PF00550.32,PF20421.5,PF25338.2	Complete	None
GML002005	GML002005_mRNA2	PF20421.5,PF25338.2	Complete	Loss
GML002006	GML002006_mRNA1	PF12799.14,PF12799.14,PF12799.14,PF12799.14,PF13516.13	Complete	None
GML002007	GML002007_mRNA1	PF00011.28	Partial	None
GML002008	GML002008_mRNA1	PF01756.25,PF02770.25,PF14749.12,PF22924.2	Complete	None
GML002009	GML002009_mRNA1	PF01008.24	Partial	None
GML002009	GML002009_mRNA2	PF01008.24	Partial	Unchanged
GML002010	GML002010_mRNA1	PF10744.15	Partial	None
GML002011	GML002011_mRNA1	PF01209.25,PF08241.19,PF08242.19,PF13649.13,PF13847.13	Partial	None
GML002011	GML002011_mRNA2	PF01209.25,PF08241.19,PF08242.19,PF13649.13,PF13847.13	Partial	Unchanged
GML002012	GML002012_mRNA1	PF00224.28,PF02887.22	Complete	None
GML002013	GML002013_mRNA1		None	None
GML002014	GML002014_mRNA1	PF00004.36,PF00004.36,PF01057.24,PF23315.2	Complete	None
GML002015	GML002015_mRNA1	PF01198.25	Complete	None
GML002015	GML002015_mRNA2	PF01198.25	Partial	Truncated
GML002016	GML002016_mRNA1		None	None
GML002017	GML002017_mRNA1	PF13259.12	Partial	None
GML002018	GML002018_mRNA1	PF08642.17	Partial	None
GML002019	GML002019_mRNA1	PF00400.39,PF04192.18,PF10366.16,PF12894.14,PF23556.2,PF25168.2,PF25168.2,PF25171.2	Complete	None
GML002019	GML002019_mRNA2	PF00400.39,PF04192.18,PF10366.16,PF12894.14,PF23556.2,PF25168.2,PF25171.2	Complete	Unchanged
GML002019	GML002019_mRNA3	PF00400.39,PF04192.18,PF12894.14,PF12894.14,PF25168.2,PF25171.2	Complete	Loss
GML002019	GML002019_mRNA4	PF12894.14,PF25168.2,PF25171.2	Complete	Loss
GML002020	GML002020_mRNA1	PF10366.16,PF23556.2	Complete	None
GML002020	GML002020_mRNA2	PF10366.16,PF23556.2	Complete	Unchanged
GML002021	GML002021_mRNA1	PF01207.24	Partial	None
GML002022	GML002022_mRNA1	PF05529.18,PF18035.7	Complete	None
GML002023	GML002023_mRNA1	PF03547.24	Partial	None
GML002024	GML002024_mRNA1		None	None
GML002024	GML002024_mRNA2		None	Unchanged
GML002025	GML002025_mRNA1	PF03531.22,PF08512.19,PF17292.9,PF21103.4	Complete	None
GML002026	GML002026_mRNA1	PF01118.31,PF02774.24	Partial	None
GML002027	GML002027_mRNA1	PF10294.16,PF10294.16	Partial	None
GML002028	GML002028_mRNA1	PF03399.23,PF12209.15	Complete	None
GML002029	GML002029_mRNA1	PF01417.27	Partial	None
GML002029	GML002029_mRNA2	PF01417.27	Partial	Unchanged
GML002029	GML002029_mRNA3	PF01417.27	Partial	Unchanged
GML002030	GML002030_mRNA1	PF00160.27	Partial	None
GML002031	GML002031_mRNA1		None	None
GML002032	GML002032_mRNA1		None	None
GML002033	GML002033_mRNA1	PF08645.18	Partial	None
GML002033	GML002033_mRNA2	PF08645.18	Partial	Unchanged
GML002033	GML002033_mRNA3	PF08645.18	Partial	Unchanged
GML002034	GML002034_mRNA1	PF29468.1	Partial	None
GML002035	GML002035_mRNA1		None	None
GML002036	GML002036_mRNA1	PF02535.29	Partial	None
GML002037	GML002037_mRNA1	PF00571.34,PF00571.34,PF00571.34	Complete	None
GML002038	GML002038_mRNA1	PF03169.21	Partial	None
GML002039	GML002039_mRNA1	PF00013.36,PF00013.36,PF00013.36	Complete	None
GML002040	GML002040_mRNA1	PF07572.18	Partial	None
GML002041	GML002041_mRNA1	PF03571.22	Partial	None
GML002041	GML002041_mRNA2	PF03571.22	Partial	Unchanged
GML002042	GML002042_mRNA1	PF00005.34,PF00664.29	Complete	None
GML002043	GML002043_mRNA1		None	None
GML002044	GML002044_mRNA1	PF04931.19	Partial	None
GML002045	GML002045_mRNA1	PF00294.30	Partial	None
GML002045	GML002045_mRNA2	PF00294.30	Partial	Unchanged
GML002046	GML002046_mRNA1	PF03798.22	Partial	None
GML002047	GML002047_mRNA1	PF00009.34,PF00025.28,PF00071.29,PF01926.30,PF04670.19,PF08477.20	Partial	None
GML002048	GML002048_mRNA1	PF11578.14	Partial	None
GML002049	GML002049_mRNA1		None	None
GML002050	GML002050_mRNA1	PF01399.34,PF08375.17,PF25573.1	Complete	None
GML002051	GML002051_mRNA1	PF10156.15	Partial	None
GML002052	GML002052_mRNA1	PF10311.15	Partial	None
GML002053	GML002053_mRNA1		None	None
GML002054	GML002054_mRNA1	PF25147.2	Partial	None
GML002055	GML002055_mRNA1	PF10502.15	Partial	None
GML002055	GML002055_mRNA2	PF10502.15	Partial	Unchanged
GML002056	GML002056_mRNA1	PF12701.14	Partial	None
GML002057	GML002057_mRNA1	PF08711.17	Complete	None
GML002058	GML002058_mRNA1	PF00164.32	Partial	None
GML002059	GML002059_mRNA1	PF00153.33,PF00153.33,PF00153.33	Complete	None
GML002060	GML002060_mRNA1	PF27702.2,PF30093.1	Partial	None
GML002061	GML002061_mRNA1	PF00175.27,PF00970.31,PF08030.18	Partial	None
GML002062	GML002062_mRNA1	PF01256.23	Partial	None
GML002063	GML002063_mRNA1		None	None
GML002064	GML002064_mRNA1		None	None
GML002065	GML002065_mRNA1		None	None
GML002066	GML002066_mRNA1	PF01210.30,PF07479.20	Partial	None
GML002067	GML002067_mRNA1	PF00293.35	Partial	None
GML002067	GML002067_mRNA2		None	Loss
GML002068	GML002068_mRNA1	PF21730.3	Partial	None
GML002069	GML002069_mRNA1	PF04427.24	Partial	None
GML002070	GML002070_mRNA1	PF00270.36,PF00271.38,PF04851.22	Complete	None
GML002070	GML002070_mRNA2	PF00270.36,PF00271.38,PF04851.22	Complete	Unchanged
GML002071	GML002071_mRNA1	PF01363.28,PF13639.13,PF17123.12	Complete	None
GML002072	GML002072_mRNA1	PF00324.28,PF13520.13	Partial	None
GML002073	GML002073_mRNA1	PF11221.14	Partial	None
GML002074	GML002074_mRNA1	PF02366.25,PF02815.26,PF16192.11	Complete	None
GML002075	GML002075_mRNA1	PF29466.1	Partial	None
GML002076	GML002076_mRNA1		None	None
GML002076	GML002076_mRNA2		None	Unchanged
GML002077	GML002077_mRNA1		None	None
GML002077	GML002077_mRNA2		None	Unchanged
GML002078	GML002078_mRNA1		None	None
GML002079	GML002079_mRNA1	PF09243.17,PF09243.17	Partial	None
GML002080	GML002080_mRNA1	PF09769.15	Partial	None
GML002081	GML002081_mRNA1		None	None
GML002082	GML002082_mRNA1		None	None
GML002082	GML002082_mRNA2		None	Unchanged
GML002082	GML002082_mRNA3		None	Unchanged
GML002082	GML002082_mRNA4		None	Unchanged
GML002083	GML002083_mRNA1		None	None
GML002084	GML002084_mRNA1		None	None
GML002085	GML002085_mRNA1	PF00153.33,PF00153.33,PF00153.33,PF00153.33	Complete	None
GML002086	GML002086_mRNA1	PF14538.12,PF23098.2	Complete	None
GML002087	GML002087_mRNA1	PF06991.17	Partial	None
GML002087	GML002087_mRNA2	PF06991.17	Partial	Unchanged
GML002088	GML002088_mRNA1	PF05995.19	Partial	None
GML002089	GML002089_mRNA1	PF03595.23	Partial	None
GML002089	GML002089_mRNA2	PF03595.23	Partial	Unchanged
GML002090	GML002090_mRNA1	PF12735.14	Complete	None
GML002091	GML002091_mRNA1		None	None
GML002092	GML002092_mRNA1	PF01432.27	Partial	None
GML002093	GML002093_mRNA1	PF03129.26	Complete	None
GML002093	GML002093_mRNA2	PF03129.26	Complete	Unchanged
GML002094	GML002094_mRNA1	PF00743.26,PF13434.13,PF13450.13	Partial	None
GML002095	GML002095_mRNA1	PF12430.14,PF12537.14	Complete	None
GML002096	GML002096_mRNA1	PF12829.13	Partial	None
GML002097	GML002097_mRNA1	PF00172.24,PF04082.24	Partial	None
GML002098	GML002098_mRNA1	PF00026.29,PF00026.29	Partial	None
GML002099	GML002099_mRNA1	PF00258.31,PF04055.28,PF08608.18	Complete	None
GML002099	GML002099_mRNA2	PF00258.31,PF04055.28,PF08608.18	Complete	Unchanged
GML002100	GML002100_mRNA1		None	None
GML002101	GML002101_mRNA1		None	None
GML002102	GML002102_mRNA1		None	None
GML002103	GML002103_mRNA1		None	None
GML002104	GML002104_mRNA1	PF00534.27,PF00534.27,PF13439.13,PF13692.13	Partial	None
GML002105	GML002105_mRNA1	PF09350.16	Complete	None
GML002106	GML002106_mRNA1	PF01169.26,PF01169.26	Complete	None
GML002107	GML002107_mRNA1	PF12622.13	Complete	None
GML002108	GML002108_mRNA1	PF00153.33,PF00153.33,PF00153.33,PF00176.30,PF00271.38,PF12054.14	Complete	None
GML002108	GML002108_mRNA2	PF00153.33,PF00153.33,PF00153.33	Complete	Loss
GML002109	GML002109_mRNA1	PF06244.19,PF22048.2	Partial	None
GML002110	GML002110_mRNA1	PF00682.26,PF22617.2	Complete	None
GML002111	GML002111_mRNA1		None	None
GML002111	GML002111_mRNA2		None	Unchanged
GML002111	GML002111_mRNA3		None	Unchanged
GML002112	GML002112_mRNA1		None	None
GML002113	GML002113_mRNA1		None	None
GML002114	GML002114_mRNA1		None	None
GML002114	GML002114_mRNA2		None	Unchanged
GML002114	GML002114_mRNA3		None	Unchanged
GML002115	GML002115_mRNA1	PF27239.2	Complete	None
GML002115	GML002115_mRNA2	PF27239.2	Complete	Unchanged
GML002116	GML002116_mRNA1		None	None
GML002117	GML002117_mRNA1	PF00069.32,PF07714.24	Partial	None
GML002118	GML002118_mRNA1	PF01202.29,PF01583.27,PF13238.13,PF13671.13	Partial	None
GML002119	GML002119_mRNA1	PF00106.32,PF13561.13	Partial	None
GML002120	GML002120_mRNA1	PF00108.30,PF00109.33,PF02803.25	Complete	None
GML002121	GML002121_mRNA1	PF10306.15	Partial	None
GML002122	GML002122_mRNA1	PF00069.32,PF07714.24	Partial	None
GML002123	GML002123_mRNA1		None	None
GML002123	GML002123_mRNA2		None	Unchanged
GML002124	GML002124_mRNA1		None	None
GML002125	GML002125_mRNA1		None	None
GML002126	GML002126_mRNA1		None	None
GML002126	GML002126_mRNA2		None	Unchanged
GML002127	GML002127_mRNA1	PF00324.28,PF13520.13	Partial	None
GML002128	GML002128_mRNA1	PF00069.32,PF07714.24	Partial	None
GML002129	GML002129_mRNA1	PF00069.32,PF07714.24	Partial	None
GML002129	GML002129_mRNA2	PF00069.32,PF07714.24	Partial	Unchanged
GML002130	GML002130_mRNA1		None	None
GML002131	GML002131_mRNA1		None	None
GML002132	GML002132_mRNA1		None	None
GML002132	GML002132_mRNA2		None	Unchanged
GML002133	GML002133_mRNA1	PF04116.20	Partial	None
GML002134	GML002134_mRNA1	PF01379.26,PF03900.21	Complete	None
GML002135	GML002135_mRNA1	PF02732.22,PF23190.2,PF23317.2	Complete	None
GML002135	GML002135_mRNA2	PF02732.22,PF23190.2,PF23317.2	Complete	Unchanged
GML002135	GML002135_mRNA3	PF23190.2,PF23317.2	Partial	Loss,Truncated
GML002136	GML002136_mRNA1	PF08585.19	Partial	None
GML002137	GML002137_mRNA1	PF02219.24,PF21895.2	Partial	None
GML002138	GML002138_mRNA1	PF09451.17	Partial	None
GML002139	GML002139_mRNA1		None	None
GML002140	GML002140_mRNA1	PF05625.18	Partial	None
GML002141	GML002141_mRNA1	PF03348.22	Partial	None
GML002141	GML002141_mRNA2	PF03348.22	Partial	Unchanged
GML002141	GML002141_mRNA3	PF03348.22	Partial	Unchanged
GML002142	GML002142_mRNA1	PF04718.21	Partial	None
GML002143	GML002143_mRNA1	PF00270.36,PF00271.38,PF04851.22	Complete	None
GML002144	GML002144_mRNA1	PF14622.12	Partial	None
GML002144	GML002144_mRNA2	PF14622.12	Partial	Unchanged
GML002145	GML002145_mRNA1	PF00153.33,PF00153.33,PF00153.33	Complete	None
GML002146	GML002146_mRNA1	PF00172.24	Partial	None
GML002147	GML002147_mRNA1		None	None
GML002148	GML002148_mRNA1	PF30387.1,PF30387.1	Partial	None
GML002149	GML002149_mRNA1	PF00153.33,PF00153.33,PF00153.33	Complete	None
GML002150	GML002150_mRNA1	PF00203.27	Partial	None
GML002151	GML002151_mRNA1	PF00428.25	Partial	None
GML002152	GML002152_mRNA1	PF13093.12	Partial	None
GML002153	GML002153_mRNA1	PF02714.21,PF13967.12,PF14703.13	Partial	None
GML002154	GML002154_mRNA1	PF04161.19	Partial	None
GML002155	GML002155_mRNA1	PF00642.31,PF18044.8,PF18345.8	Partial	None
GML002156	GML002156_mRNA1	PF01131.26,PF01751.29	Partial	None
GML002157	GML002157_mRNA1	PF00856.34,PF29521.1	Complete	None
GML002158	GML002158_mRNA1	PF02558.23,PF08546.18	Partial	None
GML002159	GML002159_mRNA1	PF01121.27	Partial	None
GML002160	GML002160_mRNA1	PF00454.34,PF00613.27,PF00613.27,PF00792.31	Complete	None
GML002160	GML002160_mRNA2	PF00454.34,PF00613.27,PF00613.27,PF00792.31	Complete	Unchanged
GML002161	GML002161_mRNA1		None	None
GML002162	GML002162_mRNA1	PF00383.30,PF08211.19	Partial	None
GML002162	GML002162_mRNA2	PF00383.30,PF08211.19	Partial	Unchanged
GML002163	GML002163_mRNA1	PF00557.30,PF15801.12	Partial	None
GML002164	GML002164_mRNA1	PF00118.30	Partial	None
GML002165	GML002165_mRNA1		None	None
GML002166	GML002166_mRNA1	PF00561.27,PF12697.14	Partial	None
GML002167	GML002167_mRNA1		None	None
GML002168	GML002168_mRNA1		None	None
GML002168	GML002168_mRNA2		None	Unchanged
GML002169	GML002169_mRNA1	PF00083.31,PF07690.22,PF07690.22	Partial	None
GML002170	GML002170_mRNA1	PF00083.31,PF07690.22	Partial	None
GML002171	GML002171_mRNA1	PF04478.18	Complete	None
GML002172	GML002172_mRNA1		None	None
GML002173	GML002173_mRNA1		None	None
GML002173	GML002173_mRNA2		None	Unchanged
GML002174	GML002174_mRNA1	PF00206.26,PF10397.15	Complete	None
GML002175	GML002175_mRNA1	PF08656.16	Partial	None
GML002175	GML002175_mRNA2	PF08656.16	Partial	Unchanged
GML002176	GML002176_mRNA1		None	None
GML002177	GML002177_mRNA1		None	None
GML002178	GML002178_mRNA1	PF00400.39,PF00400.39,PF12894.14	Complete	None
GML002179	GML002179_mRNA1	PF01545.27	Partial	None
GML002179	GML002179_mRNA2	PF01545.27	Partial	Unchanged
GML002180	GML002180_mRNA1	PF00172.24,PF30880.1	Partial	None
GML002181	GML002181_mRNA1	PF29059.1	Partial	None
GML002181	GML002181_mRNA2	PF29059.1	Partial	Unchanged
GML002182	GML002182_mRNA1		None	None
GML002183	GML002183_mRNA1	PF00342.25	Partial	None
GML002184	GML002184_mRNA1	PF08987.16	Partial	None
GML002185	GML002185_mRNA1	PF04699.20	Partial	None
GML002186	GML002186_mRNA1		None	None
GML002187	GML002187_mRNA1	PF00248.28	Partial	None
GML002188	GML002188_mRNA1	PF02668.23,PF06155.18	Partial	None
GML002189	GML002189_mRNA1	PF00566.26	Partial	None
GML002189	GML002189_mRNA2	PF00566.26	Partial	Unchanged
GML002190	GML002190_mRNA1	PF00400.39,PF00400.39,PF23798.2	Complete	None
GML002191	GML002191_mRNA1	PF00334.25	Partial	None
GML002192	GML002192_mRNA1		None	None
GML002192	GML002192_mRNA2		None	Unchanged
GML002193	GML002193_mRNA1	PF00005.34	Partial	None
GML002194	GML002194_mRNA1	PF09088.18,PF09090.18	Complete	None
GML002195	GML002195_mRNA1	PF02574.23	Partial	None
GML002196	GML002196_mRNA1	PF10348.15,PF10355.15	Partial	None
GML002197	GML002197_mRNA1	PF00069.32,PF00069.32,PF03109.23,PF07714.24	Complete	None
GML002198	GML002198_mRNA1	PF00935.26	Partial	None
GML002199	GML002199_mRNA1		None	None
GML002200	GML002200_mRNA1	PF02892.22	Complete	None
GML002201	GML002201_mRNA1	PF00293.35,PF15916.12	Partial	None
GML002202	GML002202_mRNA1	PF00089.33,PF13365.13	Complete	None
GML002203	GML002203_mRNA1	PF29572.1,PF29573.1	Partial	None
GML002204	GML002204_mRNA1	PF00854.28	Partial	None
GML002205	GML002205_mRNA1		None	None
GML002205	GML002205_mRNA2		None	Unchanged
GML002206	GML002206_mRNA1	PF00999.27	Partial	None
GML002207	GML002207_mRNA1		None	None
GML002208	GML002208_mRNA1		None	None
GML002208	GML002208_mRNA2		None	Unchanged
GML002209	GML002209_mRNA1		None	None
GML002210	GML002210_mRNA1	PF01370.28	Partial	None
GML002211	GML002211_mRNA1	PF00122.26,PF00689.27,PF00690.32,PF00702.33,PF08282.19,PF13246.13	Complete	None
GML002212	GML002212_mRNA1	PF01300.25,PF03481.20	Complete	None
GML002212	GML002212_mRNA2	PF01300.25,PF03481.20	Partial	Truncated
GML002213	GML002213_mRNA1	PF25018.2	Partial	None
GML002213	GML002213_mRNA2	PF25018.2	Partial	Unchanged
GML002214	GML002214_mRNA1	PF08507.16	Partial	None
GML002214	GML002214_mRNA2	PF08507.16	Partial	Unchanged
GML002215	GML002215_mRNA1	PF15404.14,PF15407.13,PF23207.2	Complete	None
GML002216	GML002216_mRNA1	PF31261.1	Complete	None
GML002217	GML002217_mRNA1	PF10310.16	Partial	None
GML002218	GML002218_mRNA1		None	None
GML002219	GML002219_mRNA1	PF00795.28	Partial	None
GML002219	GML002219_mRNA2	PF00795.28	Partial	Unchanged
GML002220	GML002220_mRNA1		None	None
GML002221	GML002221_mRNA1	PF02518.32,PF10436.15	Complete	None
GML002221	GML002221_mRNA2	PF02518.32,PF10436.15	Complete	Unchanged
GML002222	GML002222_mRNA1	PF00018.35,PF04088.19,PF07653.24	Complete	None
GML002223	GML002223_mRNA1		None	None
GML002224	GML002224_mRNA1	PF07992.21	Partial	None
GML002225	GML002225_mRNA1	PF08214.19	Partial	None
GML002225	GML002225_mRNA2	PF08214.19	Partial	Unchanged
GML002226	GML002226_mRNA1	PF00324.28,PF13520.13	Partial	None
GML002227	GML002227_mRNA1		None	None
GML002227	GML002227_mRNA2		None	Unchanged
GML002228	GML002228_mRNA1		None	None
GML002229	GML002229_mRNA1	PF01243.28,PF12766.14	Partial	None
GML002229	GML002229_mRNA2	PF01243.28,PF12766.14	Partial	Unchanged
GML002230	GML002230_mRNA1	PF00538.26	Partial	None
GML002231	GML002231_mRNA1	PF00186.25	Partial	None
GML002232	GML002232_mRNA1	PF00782.26	Complete	None
GML002233	GML002233_mRNA1	PF09424.16	Partial	None
GML002234	GML002234_mRNA1	PF03366.23,PF17035.11,PF20305.5	Complete	None
GML002234	GML002234_mRNA2	PF03366.23,PF17035.11,PF20305.5	Complete	Truncated
GML002235	GML002235_mRNA1	PF00400.39,PF00400.39,PF00400.39,PF00400.39,PF00400.39,PF00400.39,PF25391.2	Complete	None
GML002236	GML002236_mRNA1	PF00249.38,PF08558.17	Complete	None
GML002237	GML002237_mRNA1	PF00202.28	Partial	None
GML002238	GML002238_mRNA1	PF00153.33,PF00153.33,PF00153.33	Complete	None
GML002239	GML002239_mRNA1		None	None
GML002240	GML002240_mRNA1	PF01709.27,PF20772.3	Partial	None
GML002241	GML002241_mRNA1	PF01990.23	Partial	None
GML002242	GML002242_mRNA1	PF00533.34,PF16892.11,PF16893.12	Complete	None
GML002243	GML002243_mRNA1	PF08598.17	Partial	None
GML002244	GML002244_mRNA1	PF00076.29	Complete	None
GML002244	GML002244_mRNA2	PF00076.29	Complete	Unchanged
GML002245	GML002245_mRNA1	PF03051.22	Partial	None
GML002246	GML002246_mRNA1	PF08318.19,PF20662.4,PF20663.4	Complete	None
GML002246	GML002246_mRNA2	PF08318.19,PF20662.4,PF20663.4	Complete	Unchanged
GML002247	GML002247_mRNA1	PF14608.13,PF14608.13,PF14608.13,PF14608.13	Complete	None
GML002248	GML002248_mRNA1	PF00890.31,PF01134.29,PF01266.31,PF07992.21,PF12831.14,PF13450.13	Partial	None
GML002248	GML002248_mRNA2	PF00890.31,PF01134.29,PF01266.31,PF07992.21,PF12831.14,PF13450.13	Partial	Unchanged
GML002249	GML002249_mRNA1	PF03907.19	Partial	None
GML002250	GML002250_mRNA1		None	None
GML002251	GML002251_mRNA1		None	None
GML002252	GML002252_mRNA1	PF06423.19	Partial	None
GML002252	GML002252_mRNA2	PF06423.19	Partial	Unchanged
GML002253	GML002253_mRNA1	PF01237.24	Partial	None
GML002254	GML002254_mRNA1	PF01247.25	Partial	None
GML002255	GML002255_mRNA1	PF10375.15	Complete	None
GML002256	GML002256_mRNA1	PF00004.36,PF00533.34,PF03215.22,PF08519.18,PF25361.2	Complete	None
GML002257	GML002257_mRNA1	PF00069.32,PF07714.24	Partial	None
GML002257	GML002257_mRNA2	PF00069.32,PF07714.24	Partial	Unchanged
GML002258	GML002258_mRNA1	PF15879.11	Partial	None
GML002258	GML002258_mRNA2		None	Loss
GML002259	GML002259_mRNA1	PF07767.17	Partial	None
GML002260	GML002260_mRNA1		None	None
GML002261	GML002261_mRNA1		None	None
GML002262	GML002262_mRNA1	PF01106.23,PF08712.17	Complete	None
GML002262	GML002262_mRNA2	PF01106.23,PF08712.17	Partial	Truncated
GML002263	GML002263_mRNA1	PF00176.30,PF00270.36,PF00271.38,PF04851.22	Complete	None
GML002263	GML002263_mRNA2	PF00176.30,PF00270.36,PF00271.38,PF04851.22	Complete	Truncated
GML002264	GML002264_mRNA1	PF00415.25,PF13540.13	Complete	None
GML002264	GML002264_mRNA2	PF00415.25,PF13540.13	Partial	Truncated
GML002265	GML002265_mRNA1	PF05603.18,PF21057.3	Complete	None
GML002266	GML002266_mRNA1		None	None
GML002267	GML002267_mRNA1		None	None
GML002267	GML002267_mRNA2		None	Unchanged
GML002268	GML002268_mRNA1		None	None
GML002269	GML002269_mRNA1		None	None
GML002269	GML002269_mRNA2		None	Unchanged
GML002270	GML002270_mRNA1		None	None
GML002271	GML002271_mRNA1	PF00083.31,PF07690.22	Partial	None
GML002272	GML002272_mRNA1		None	None
GML002273	GML002273_mRNA1	PF09135.17	Partial	None
GML002273	GML002273_mRNA2		None	Loss
GML002274	GML002274_mRNA1	PF00834.26	Partial	None
GML002274	GML002274_mRNA2	PF00834.26	Partial	Unchanged
GML002274	GML002274_mRNA3	PF00834.26	Partial	Unchanged
GML002275	GML002275_mRNA1		None	None
GML002276	GML002276_mRNA1		None	None
GML002276	GML002276_mRNA2		None	Unchanged
GML002277	GML002277_mRNA1	PF00083.31,PF07690.22	Partial	None
GML002278	GML002278_mRNA1	PF00023.37,PF12796.14	Complete	None
GML002278	GML002278_mRNA2	PF00023.37,PF12796.14	Complete	Unchanged
GML002279	GML002279_mRNA1	PF02137.25	Partial	None
GML002280	GML002280_mRNA1		None	None
GML002281	GML002281_mRNA1	PF14852.13,PF14853.13	Partial	None
GML002282	GML002282_mRNA1		None	None
GML002282	GML002282_mRNA2		None	Unchanged
GML002283	GML002283_mRNA1		None	None
GML002284	GML002284_mRNA1		None	None
GML002285	GML002285_mRNA1	PF03155.22	Partial	None
GML002286	GML002286_mRNA1		None	None
GML002287	GML002287_mRNA1	PF00205.29,PF02775.27,PF02776.24	Complete	None
GML002288	GML002288_mRNA1	PF00172.24,PF04082.24	Partial	None
GML002289	GML002289_mRNA1	PF01490.25	Partial	None
GML002290	GML002290_mRNA1	PF00533.34,PF01068.27,PF04675.20	Complete	None
GML002290	GML002290_mRNA2	PF00533.34,PF01068.27,PF04675.20,PF09414.16	Complete	Gain
GML002290	GML002290_mRNA3	PF00533.34,PF01068.27,PF09414.16	Complete	Gain,Loss
GML002291	GML002291_mRNA1		None	None
GML002292	GML002292_mRNA1		None	None
GML002293	GML002293_mRNA1		None	None
GML002294	GML002294_mRNA1	PF00270.36,PF00271.38,PF04851.22	Complete	None
GML002294	GML002294_mRNA2	PF00270.36,PF00271.38,PF04851.22	Complete	Unchanged
GML002295	GML002295_mRNA1		None	None
GML002296	GML002296_mRNA1	PF01472.27,PF09183.17,PF17832.8,PF26292.1	Partial	None
GML002297	GML002297_mRNA1	PF01302.32	Partial	None
GML002298	GML002298_mRNA1	PF01926.30,PF02421.25,PF08701.17	Complete	None
GML002298	GML002298_mRNA2	PF01926.30,PF02421.25,PF08701.17	Complete	Unchanged
GML002299	GML002299_mRNA1	PF01150.24	Partial	None
GML002300	GML002300_mRNA1	PF17306.8	Partial	None
GML002301	GML002301_mRNA1	PF00736.25,PF10587.15	Complete	None
GML002302	GML002302_mRNA1	PF10237.16	Partial	None
GML002303	GML002303_mRNA1	PF01585.29,PF04182.19,PF20222.4,PF21552.5	Complete	None
GML002303	GML002303_mRNA2	PF01585.29,PF04182.19,PF20222.4,PF20222.4,PF21552.5	Complete	Unchanged
GML002303	GML002303_mRNA3	PF01585.29,PF04182.19,PF20222.4,PF21552.5	Complete	Unchanged
GML002304	GML002304_mRNA1	PF02836.24,PF03198.21,PF07983.19	Complete	None
GML002305	GML002305_mRNA1	PF29141.1	Partial	None
GML002305	GML002305_mRNA2	PF29141.1	Partial	Unchanged
GML002306	GML002306_mRNA1	PF01073.26,PF01370.28,PF02719.22,PF04321.24,PF07993.19,PF13460.13,PF16363.12	Partial	None
GML002307	GML002307_mRNA1		None	None
GML002308	GML002308_mRNA1	PF09462.16	Complete	None
GML002309	GML002309_mRNA1	PF16282.12	Complete	None
GML002309	GML002309_mRNA2	PF16282.12	Complete	Unchanged
GML002309	GML002309_mRNA3	PF16282.12	Complete	Unchanged
GML002310	GML002310_mRNA1	PF03969.23	Partial	None
GML002311	GML002311_mRNA1	PF10033.15	Partial	None
GML002312	GML002312_mRNA1	PF13181.13,PF13181.13,PF13181.13,PF13432.13,PF13432.13,PF13432.13,PF14559.13,PF18833.8	Complete	None
GML002313	GML002313_mRNA1	PF05645.20,PF08221.18,PF20912.3,PF22536.3	Complete	None
GML002314	GML002314_mRNA1	PF00230.26	Partial	None
GML002314	GML002314_mRNA2	PF00230.26	Partial	Unchanged
GML002315	GML002315_mRNA1		None	None
GML002315	GML002315_mRNA2		None	Unchanged
GML002316	GML002316_mRNA1	PF00153.33,PF00153.33	Complete	None
GML002317	GML002317_mRNA1	PF03381.21	Partial	None
GML002318	GML002318_mRNA1		None	None
GML002319	GML002319_mRNA1	PF01926.30,PF08153.18	Complete	None
GML002319	GML002319_mRNA2	PF01926.30	Partial	Loss,Truncated
GML002320	GML002320_mRNA1	PF00787.30,PF12825.13,PF12828.13	Complete	None
GML002321	GML002321_mRNA1	PF04991.21	Complete	None
GML002322	GML002322_mRNA1	PF03006.27	Partial	None
GML002323	GML002323_mRNA1	PF00083.31,PF07690.22	Partial	None
GML002323	GML002323_mRNA2	PF00083.31,PF07690.22	Partial	Unchanged
GML002324	GML002324_mRNA1	PF00172.24,PF04082.24	Complete	None
GML002325	GML002325_mRNA1		None	None
GML002326	GML002326_mRNA1	PF04099.19,PF04628.20	Partial	None
GML002327	GML002327_mRNA1	PF08241.19,PF08242.19,PF13489.13,PF13649.13,PF13847.13	Partial	None
GML002328	GML002328_mRNA1	PF04106.19,PF20637.3,PF20638.4	Complete	None
GML002329	GML002329_mRNA1		None	None
GML002330	GML002330_mRNA1	PF03853.22	Partial	None
GML002331	GML002331_mRNA1	PF00735.25	Partial	None
GML002332	GML002332_mRNA1	PF02985.29,PF03810.26,PF13513.13,PF25574.2	Complete	None
GML002333	GML002333_mRNA1	PF01569.28	Partial	None
GML002334	GML002334_mRNA1	PF01412.24	Partial	None
GML002335	GML002335_mRNA1	PF00106.32,PF08659.17,PF13561.13	Partial	None
GML002336	GML002336_mRNA1	PF04802.23,PF22972.4	Partial	None
GML002337	GML002337_mRNA1	PF07542.17	Partial	None
GML002338	GML002338_mRNA1	PF01920.26	Partial	None
GML002339	GML002339_mRNA1	PF08738.16	Partial	None
GML002340	GML002340_mRNA1	PF00300.28,PF01591.25	Complete	None
GML002341	GML002341_mRNA1	PF16906.12	Partial	None
GML002341	GML002341_mRNA2		None	Loss
GML002342	GML002342_mRNA1	PF08294.18	Partial	None
GML002343	GML002343_mRNA1	PF03198.21,PF03198.21,PF07983.19	Complete	None
GML002344	GML002344_mRNA1	PF25409.1,PF26660.1	Complete	None
GML002345	GML002345_mRNA1		None	None
GML002346	GML002346_mRNA1	PF00025.28,PF00071.29,PF01926.30,PF04670.19,PF08477.20	Partial	None
GML002347	GML002347_mRNA1	PF07522.20	Complete	None
GML002347	GML002347_mRNA2	PF07522.20	Complete	Unchanged
GML002348	GML002348_mRNA1	PF08551.17	Partial	None
GML002349	GML002349_mRNA1	PF05637.19	Partial	None
GML002350	GML002350_mRNA1		None	None
GML002351	GML002351_mRNA1	PF02364.22,PF14288.12,PF23605.2	Complete	None
GML002352	GML002352_mRNA1	PF08662.18,PF31025.1	Complete	None
GML002353	GML002353_mRNA1	PF08238.19,PF08238.19	Complete	None
GML002354	GML002354_mRNA1	PF00320.34,PF08550.16	Complete	None
GML002355	GML002355_mRNA1		None	None
GML002356	GML002356_mRNA1	PF00122.26,PF00689.27,PF00690.32,PF00702.33,PF13246.13	Complete	None
GML002357	GML002357_mRNA1	PF01302.32	Partial	None
GML002358	GML002358_mRNA1	PF16755.12	Partial	None
GML002359	GML002359_mRNA1	PF01172.25	Partial	None
GML002360	GML002360_mRNA1	PF17235.8	Partial	None
GML002361	GML002361_mRNA1	PF08698.17	Partial	None
GML002362	GML002362_mRNA1	PF23561.2	Complete	None
GML002363	GML002363_mRNA1	PF01409.26,PF17759.7,PF18553.8	Partial	None
GML002363	GML002363_mRNA2	PF01409.26,PF17759.7,PF18553.8	Partial	Unchanged
GML002364	GML002364_mRNA1	PF00070.34,PF01134.29,PF02852.29,PF07992.21	Complete	None
GML002365	GML002365_mRNA1	PF00535.33,PF02940.22,PF13641.13	Complete	None
GML002365	GML002365_mRNA2	PF00535.33,PF13641.13	Partial	Loss,Truncated
GML002366	GML002366_mRNA1		None	None
GML002367	GML002367_mRNA1	PF00180.26	Partial	None
GML002368	GML002368_mRNA1		None	None
GML002369	GML002369_mRNA1	PF00654.26	Partial	None
GML002370	GML002370_mRNA1		None	None
GML002370	GML002370_mRNA2		None	Unchanged
GML002371	GML002371_mRNA1	PF00069.32,PF00786.34,PF07714.24	Complete	None
GML002372	GML002372_mRNA1		None	None
GML002373	GML002373_mRNA1		None	None
GML002374	GML002374_mRNA1	PF01145.32	Partial	None
GML002375	GML002375_mRNA1	PF00172.24,PF11951.14	Partial	None
GML002375	GML002375_mRNA2	PF00172.24,PF11951.14	Partial	Unchanged
GML002375	GML002375_mRNA3	PF11951.14	Partial	Loss
GML002376	GML002376_mRNA1	PF02558.23,PF02558.23,PF08546.18	Partial	None
GML002376	GML002376_mRNA2	PF02558.23,PF08546.18	Partial	Unchanged
GML002377	GML002377_mRNA1	PF00202.28	Partial	None
GML002378	GML002378_mRNA1		None	None
GML002379	GML002379_mRNA1	PF01974.24	Complete	None
GML002380	GML002380_mRNA1	PF00808.30	Partial	None
GML002381	GML002381_mRNA1	PF00370.28,PF02782.23	Partial	None
GML002381	GML002381_mRNA2	PF00370.28,PF02782.23	Partial	Unchanged
GML002382	GML002382_mRNA1	PF00916.27,PF01740.27	Complete	None
GML002383	GML002383_mRNA1	PF00270.36,PF00271.38,PF04851.22	Complete	None
GML002384	GML002384_mRNA1		None	None
GML002385	GML002385_mRNA1		None	None
GML002386	GML002386_mRNA1	PF01501.27	Partial	None
GML002387	GML002387_mRNA1		None	None
GML002388	GML002388_mRNA1		None	None
GML002389	GML002389_mRNA1	PF01569.28,PF01938.27,PF05958.18,PF09445.17	Complete	None
GML002389	GML002389_mRNA2	PF01569.28,PF01938.27,PF05958.18,PF09445.17	Complete	Unchanged
GML002389	GML002389_mRNA3	PF01569.28	Partial	Loss
GML002390	GML002390_mRNA1	PF01938.27,PF05958.18,PF06325.20,PF09445.17	Complete	None
GML002390	GML002390_mRNA2	PF01938.27,PF05958.18,PF06325.20,PF09445.17	Complete	Unchanged
GML002391	GML002391_mRNA1		None	None
GML002392	GML002392_mRNA1	PF00025.28,PF00071.29,PF08477.20	Partial	None
GML002393	GML002393_mRNA1	PF10287.17,PF10290.15	Partial	None
GML002394	GML002394_mRNA1		None	None
GML002395	GML002395_mRNA1	PF02782.23	Complete	None
GML002396	GML002396_mRNA1	PF00172.24	Partial	None
GML002397	GML002397_mRNA1	PF01991.24	Partial	None
GML002397	GML002397_mRNA2	PF01991.24	Partial	Unchanged
GML002398	GML002398_mRNA1	PF22099.2	Partial	None
GML002399	GML002399_mRNA1	PF03876.23,PF17875.8	Partial	None
GML002400	GML002400_mRNA1	PF27836.1	Partial	None
GML002401	GML002401_mRNA1	PF05859.18	Partial	None
GML002402	GML002402_mRNA1		None	None
GML002403	GML002403_mRNA1		None	None
GML002404	GML002404_mRNA1		None	None
GML002404	GML002404_mRNA2		None	Unchanged
GML002405	GML002405_mRNA1	PF01207.24	Partial	None
GML002405	GML002405_mRNA2	PF01207.24	Partial	Unchanged
GML002406	GML002406_mRNA1	PF02466.25	Partial	None
GML002406	GML002406_mRNA2	PF02466.25	Partial	Unchanged
GML002406	GML002406_mRNA3	PF02466.25	Partial	Unchanged
GML002407	GML002407_mRNA1		None	None
GML002408	GML002408_mRNA1	PF00083.31,PF07690.22	Partial	None
GML002409	GML002409_mRNA1	PF00083.31,PF07690.22	Partial	None
GML002410	GML002410_mRNA1	PF00083.31,PF07690.22	Partial	None
GML002411	GML002411_mRNA1		None	None
GML002411	GML002411_mRNA2		None	Unchanged
GML002412	GML002412_mRNA1		None	None
GML002413	GML002413_mRNA1	PF00289.29,PF00364.29,PF01039.28,PF02785.26,PF02786.23,PF08326.18,PF21385.3	Complete	None
GML002413	GML002413_mRNA2	PF00364.29,PF01039.28,PF02785.26,PF02786.23,PF08326.18,PF21385.3	Complete	Loss
GML002414	GML002414_mRNA1	PF00082.28	Partial	None
GML002415	GML002415_mRNA1	PF02364.22,PF14288.12,PF23605.2	Complete	None
GML002415	GML002415_mRNA2	PF02364.22,PF14288.12,PF23605.2	Partial	Truncated
GML002416	GML002416_mRNA1	PF13181.13	Complete	None
GML002417	GML002417_mRNA1	PF01205.26,PF05773.28	Partial	None
GML002418	GML002418_mRNA1		None	None
GML002419	GML002419_mRNA1	PF00400.39,PF00400.39,PF00400.39,PF00400.39,PF00400.39,PF00400.39,PF04003.18	Complete	None
GML002420	GML002420_mRNA1	PF01423.29,PF05693.20,PF08323.18	Complete	None
GML002420	GML002420_mRNA2	PF01423.29,PF05693.20,PF08323.18	Complete	Unchanged
GML002420	GML002420_mRNA3	PF01423.29,PF05693.20,PF08323.18	Complete	Unchanged
GML002420	GML002420_mRNA4	PF05693.20,PF08323.18	Partial	Loss
GML002421	GML002421_mRNA1	PF01423.29	Partial	None
GML002422	GML002422_mRNA1	PF10358.16	Partial	None
GML002423	GML002423_mRNA1		None	None
GML002424	GML002424_mRNA1		None	None
GML002425	GML002425_mRNA1	PF11817.15,PF29907.1	Partial	None
GML002426	GML002426_mRNA1	PF00254.35	Partial	None
GML002427	GML002427_mRNA1	PF07719.24,PF13181.13,PF13432.13	Complete	None
GML002427	GML002427_mRNA2	PF07719.24,PF13181.13,PF13432.13	Complete	Unchanged
GML002428	GML002428_mRNA1	PF00102.33,PF22784.2	Partial	None
GML002428	GML002428_mRNA2	PF00102.33,PF22784.2	Partial	Unchanged
GML002429	GML002429_mRNA1	PF09793.15,PF31193.1	Partial	None
GML002430	GML002430_mRNA1	PF01066.27	Partial	None
GML002431	GML002431_mRNA1	PF04281.19	Partial	None
GML002432	GML002432_mRNA1		None	None
GML002432	GML002432_mRNA2		None	Unchanged
GML002433	GML002433_mRNA1		None	None
GML002433	GML002433_mRNA2		None	Unchanged
GML002434	GML002434_mRNA1		None	None
GML002434	GML002434_mRNA2		None	Unchanged
GML002435	GML002435_mRNA1	PF07923.19,PF11882.14,PF11882.14	Partial	None
GML002435	GML002435_mRNA2	PF07923.19,PF11882.14,PF11882.14	Partial	Unchanged
GML002436	GML002436_mRNA1	PF13242.13,PF13344.13,PF20882.3	Complete	None
GML002436	GML002436_mRNA2	PF20882.3	Partial	Loss,Truncated
GML002437	GML002437_mRNA1	PF05648.20	Partial	None
GML002437	GML002437_mRNA2	PF05648.20	Partial	Unchanged
GML002438	GML002438_mRNA1	PF11989.15	Complete	None
GML002439	GML002439_mRNA1		None	None
GML002439	GML002439_mRNA2		None	Unchanged
GML002440	GML002440_mRNA1	PF03134.25	Partial	None
GML002441	GML002441_mRNA1	PF00276.26	Partial	None
GML002442	GML002442_mRNA1	PF00562.34,PF04560.26,PF04561.20,PF04563.21,PF04565.22,PF04566.19,PF04567.23	Complete	None
GML002442	GML002442_mRNA2	PF00562.34,PF00562.34,PF04560.26,PF04561.20,PF04563.21,PF04565.22,PF04566.19	Complete	Loss
GML002442	GML002442_mRNA3	PF00562.34,PF00562.34,PF04560.26,PF04561.20,PF04563.21,PF04565.22,PF04566.19,PF04567.23	Complete	Unchanged
GML002442	GML002442_mRNA4	PF00562.34,PF00562.34,PF04560.26,PF04561.20,PF04563.21,PF04565.22,PF04566.19	Complete	Loss
GML002443	GML002443_mRNA1	PF00572.25	Partial	None
GML002443	GML002443_mRNA2	PF00572.25	Partial	Unchanged
GML002444	GML002444_mRNA1	PF00575.30,PF03876.23	Partial	None
GML002445	GML002445_mRNA1	PF02037.34,PF02891.27,PF11789.15,PF14324.13	Complete	None
GML002446	GML002446_mRNA1	PF00750.26,PF03485.22,PF05746.22	Complete	None
GML002446	GML002446_mRNA2	PF00750.26,PF03485.22,PF05746.22	Complete	Unchanged
GML002447	GML002447_mRNA1		None	None
GML002448	GML002448_mRNA1	PF00627.38,PF22562.3	Partial	None
GML002449	GML002449_mRNA1	PF00149.34	Partial	None
GML002450	GML002450_mRNA1	PF04900.19,PF18477.8	Partial	None
GML002451	GML002451_mRNA1		None	None
GML002452	GML002452_mRNA1		None	None
GML002453	GML002453_mRNA1	PF12223.14,PF12223.14	Partial	None
GML002454	GML002454_mRNA1	PF01725.22	Partial	None
GML002455	GML002455_mRNA1	PF08213.17	Complete	None
GML002456	GML002456_mRNA1	PF04263.22,PF04265.20	Complete	None
GML002457	GML002457_mRNA1	PF02291.22	Partial	None
GML002458	GML002458_mRNA1	PF09295.17	Partial	None
GML002459	GML002459_mRNA1	PF04588.19	Partial	None
GML002460	GML002460_mRNA1		None	None
GML002461	GML002461_mRNA1		None	None
GML002462	GML002462_mRNA1	PF05794.19	Partial	None
GML002463	GML002463_mRNA1	PF00447.24	Partial	None
GML002463	GML002463_mRNA2	PF00447.24	Partial	Unchanged
GML002464	GML002464_mRNA1	PF00004.36,PF08740.17,PF25426.2	Complete	None
GML002465	GML002465_mRNA1	PF00443.36,PF13446.12,PF13446.12,PF13446.12	Complete	None
GML002466	GML002466_mRNA1	PF00005.34,PF01061.30,PF01061.30	Complete	None
GML002466	GML002466_mRNA2	PF00005.34,PF01061.30,PF01061.30	Complete	Unchanged
GML002467	GML002467_mRNA1	PF01061.30	Partial	None
GML002468	GML002468_mRNA1	PF08622.18	Partial	None
GML002469	GML002469_mRNA1	PF28522.1	Complete	None
GML002470	GML002470_mRNA1	PF00022.27	Partial	None
GML002471	GML002471_mRNA1	PF00549.25,PF02629.26,PF13380.13,PF13607.12	Partial	None
GML002472	GML002472_mRNA1	PF09597.19	Partial	None
GML002473	GML002473_mRNA1	PF00160.27	Partial	None
GML002473	GML002473_mRNA2	PF00160.27	Partial	Unchanged
GML002474	GML002474_mRNA1	PF04934.20	Partial	None
GML002475	GML002475_mRNA1	PF01230.30	Partial	None
GML002476	GML002476_mRNA1	PF00578.28,PF08534.17,PF10417.15	Complete	None
GML002477	GML002477_mRNA1	PF00004.36,PF00004.36,PF02359.25,PF17862.8	Complete	None
GML002477	GML002477_mRNA2	PF00004.36,PF00004.36,PF02359.25,PF17862.8	Complete	Unchanged
GML002478	GML002478_mRNA1	PF00248.28	Partial	None
GML002478	GML002478_mRNA2	PF00248.28	Partial	Unchanged
GML002479	GML002479_mRNA1	PF02586.20	Partial	None
GML002479	GML002479_mRNA2	PF02586.20	Partial	Unchanged
GML002480	GML002480_mRNA1	PF10213.15	Partial	None
GML002481	GML002481_mRNA1	PF10198.15	Complete	None
GML002482	GML002482_mRNA1	PF00675.26,PF05193.27	Partial	None
GML002483	GML002483_mRNA1	PF04707.21	Partial	None
GML002484	GML002484_mRNA1	PF28633.1	Partial	None
GML002485	GML002485_mRNA1	PF00085.27,PF02114.23	Partial	None
GML002486	GML002486_mRNA1	PF00240.30,PF01599.27,PF11976.15,PF14560.13	Complete	None
GML002487	GML002487_mRNA1	PF07393.18,PF20667.4	Partial	None
GML002488	GML002488_mRNA1	PF00149.34	Partial	None
GML002489	GML002489_mRNA1	PF15460.12	Partial	None
GML002490	GML002490_mRNA1	PF12830.14	Complete	None
GML002490	GML002490_mRNA2	PF12830.14	Complete	Unchanged
GML002490	GML002490_mRNA3	PF12830.14	Complete	Unchanged
GML002491	GML002491_mRNA1	PF01529.26	Partial	None
GML002492	GML002492_mRNA1		None	None
GML002493	GML002493_mRNA1	PF05328.18	Partial	None
GML002494	GML002494_mRNA1		None	None
GML002495	GML002495_mRNA1	PF03099.25,PF21948.2	Partial	None
GML002495	GML002495_mRNA2	PF03099.25,PF21948.2	Partial	Unchanged
GML002496	GML002496_mRNA1	PF08287.17	Partial	None
GML002497	GML002497_mRNA1	PF00498.32,PF05019.19	Complete	None
GML002497	GML002497_mRNA2	PF00498.32,PF05019.19	Complete	Truncated
GML002498	GML002498_mRNA1	PF13430.12	Partial	None
GML002498	GML002498_mRNA2	PF13430.12	Partial	Unchanged
GML002499	GML002499_mRNA1		None	None
GML002500	GML002500_mRNA1	PF00790.26,PF02883.27,PF03127.20	Complete	None
GML002500	GML002500_mRNA2	PF00790.26,PF02883.27,PF03127.20	Complete	Unchanged
GML002501	GML002501_mRNA1	PF02469.28	Partial	None
GML002502	GML002502_mRNA1		None	None
GML002502	GML002502_mRNA2		None	Unchanged
GML002503	GML002503_mRNA1		None	None
GML002504	GML002504_mRNA1		None	None
GML002505	GML002505_mRNA1		None	None
GML002506	GML002506_mRNA1		None	None
GML002507	GML002507_mRNA1		None	None
GML002508	GML002508_mRNA1	PF01138.28	Partial	None
GML002509	GML002509_mRNA1	PF00443.36	Partial	None
GML002510	GML002510_mRNA1	PF02138.24,PF02138.24,PF14844.13	Complete	None
GML002511	GML002511_mRNA1		None	None
GML002512	GML002512_mRNA1	PF03151.23,PF03151.23	Partial	None
GML002513	GML002513_mRNA1		None	None
GML002514	GML002514_mRNA1	PF07690.22,PF07690.22	Partial	None
GML002515	GML002515_mRNA1	PF11927.15	Partial	None
GML002516	GML002516_mRNA1	PF00411.25	Partial	None
GML002517	GML002517_mRNA1	PF00410.25	Partial	None
GML002518	GML002518_mRNA1	PF01433.27,PF03208.25,PF09127.18,PF17900.7	Complete	None
GML002518	GML002518_mRNA2	PF01433.27,PF09127.18,PF17900.7	Complete	Loss
GML002519	GML002519_mRNA1	PF03208.25	Partial	None
GML002519	GML002519_mRNA2	PF03208.25	Partial	Unchanged
GML002520	GML002520_mRNA1	PF08238.19,PF08238.19	Complete	None
GML002521	GML002521_mRNA1		None	None
GML002522	GML002522_mRNA1		None	None
GML002522	GML002522_mRNA2		None	Unchanged
GML002522	GML002522_mRNA3		None	Unchanged
GML002522	GML002522_mRNA4		None	Unchanged
GML002523	GML002523_mRNA1		None	None
GML002524	GML002524_mRNA1		None	None
GML002524	GML002524_mRNA2		None	Unchanged
GML002525	GML002525_mRNA1	PF01088.28	Partial	None
GML002526	GML002526_mRNA1		None	None
GML002526	GML002526_mRNA2		None	Unchanged
GML002527	GML002527_mRNA1	PF00069.32,PF07714.24	Partial	None
GML002528	GML002528_mRNA1		None	None
GML002529	GML002529_mRNA1	PF00018.35,PF00787.30,PF14604.13	Complete	None
GML002530	GML002530_mRNA1	PF00018.35,PF00787.30	Complete	None
GML002531	GML002531_mRNA1	PF00172.24	Complete	None
GML002532	GML002532_mRNA1	PF02714.21,PF13967.12,PF14703.13	Partial	None
GML002533	GML002533_mRNA1		None	None
GML002534	GML002534_mRNA1		None	None
GML002535	GML002535_mRNA1	PF00076.29,PF00641.24	Complete	None
GML002536	GML002536_mRNA1	PF00535.33,PF13641.13	Partial	None
GML002537	GML002537_mRNA1	PF00899.28,PF10585.15	Partial	None
GML002538	GML002538_mRNA1	PF00235.26	Partial	None
GML002539	GML002539_mRNA1		None	None
GML002540	GML002540_mRNA1		None	None
GML002541	GML002541_mRNA1	PF00005.34,PF00005.34,PF01061.30,PF01061.30,PF06422.19,PF14510.12,PF19055.7	Complete	None
GML002542	GML002542_mRNA1		None	None
GML002543	GML002543_mRNA1	PF00004.36,PF00004.36,PF02359.25,PF02933.24,PF07728.21,PF09336.17,PF17862.8,PF17862.8	Complete	None
GML002544	GML002544_mRNA1		None	None
GML002545	GML002545_mRNA1	PF01699.30,PF01699.30	Complete	None
GML002546	GML002546_mRNA1	PF01597.26	Partial	None
GML002547	GML002547_mRNA1	PF00957.28	Partial	None
GML002548	GML002548_mRNA1	PF00022.27	Partial	None
GML002549	GML002549_mRNA1	PF00173.34,PF00890.31	Complete	None
GML002550	GML002550_mRNA1	PF00176.30,PF00271.38,PF04851.22,PF08658.16	Complete	None
GML002551	GML002551_mRNA1	PF05508.17	Partial	None
GML002552	GML002552_mRNA1	PF00649.24	Partial	None
GML002553	GML002553_mRNA1	PF00173.34,PF01070.25,PF01645.24	Partial	None
GML002554	GML002554_mRNA1	PF00063.28,PF00612.34,PF00612.34,PF00612.34,PF00612.34,PF01843.26	Complete	None
GML002554	GML002554_mRNA2	PF00063.28,PF00612.34,PF00612.34,PF00612.34,PF00612.34,PF01843.26	Complete	Unchanged
GML002554	GML002554_mRNA3	PF01843.26	Complete	Loss
GML002555	GML002555_mRNA1	PF01722.24,PF05620.17	Complete	None
GML002555	GML002555_mRNA2	PF05620.17	Partial	Loss
GML002556	GML002556_mRNA1	PF01722.24	Partial	None
GML002557	GML002557_mRNA1		None	None
GML002557	GML002557_mRNA2		None	Unchanged
GML002558	GML002558_mRNA1	PF00939.26,PF03105.25,PF03105.25,PF03600.23	Partial	None
GML002558	GML002558_mRNA2	PF00939.26,PF03105.25,PF03105.25,PF03600.23	Partial	Unchanged
GML002559	GML002559_mRNA1	PF00443.36	Partial	None
GML002560	GML002560_mRNA1	PF01812.28	Complete	None
GML002560	GML002560_mRNA2	PF01812.28	Partial	Truncated
GML002561	GML002561_mRNA1	PF09174.16	Partial	None
GML002561	GML002561_mRNA2	PF09174.16	Partial	Unchanged
GML002562	GML002562_mRNA1	PF00719.25	Partial	None
GML002563	GML002563_mRNA1		None	None
GML002564	GML002564_mRNA1	PF02714.21,PF12621.14,PF13967.12,PF13967.12,PF14703.13	Complete	None
GML002565	GML002565_mRNA1		None	None
GML002565	GML002565_mRNA2		None	Unchanged
GML002566	GML002566_mRNA1	PF00083.31,PF00083.31,PF07690.22	Partial	None
GML002567	GML002567_mRNA1		None	None
GML002568	GML002568_mRNA1	PF02383.24,PF22669.3	Complete	None
GML002569	GML002569_mRNA1	PF03896.22	Partial	None
GML002570	GML002570_mRNA1	PF03966.23	Complete	None
GML002570	GML002570_mRNA2	PF03966.23	Complete	Unchanged
GML002571	GML002571_mRNA1	PF01813.23	Partial	None
GML002572	GML002572_mRNA1	PF00890.31,PF02910.26	Complete	None
GML002572	GML002572_mRNA2	PF00890.31,PF02910.26	Complete	Unchanged
GML002573	GML002573_mRNA1	PF00069.32,PF07714.24	Partial	None
GML002574	GML002574_mRNA1	PF00076.29	Partial	None
GML002575	GML002575_mRNA1	PF02668.23	Partial	None
GML002576	GML002576_mRNA1	PF00149.34	Partial	None
GML002577	GML002577_mRNA1	PF04062.20	Partial	None
GML002578	GML002578_mRNA1	PF00610.28,PF00621.26,PF00780.29,PF15405.13	Complete	None
GML002579	GML002579_mRNA1	PF01151.24	Partial	None
GML002580	GML002580_mRNA1		None	None
GML002581	GML002581_mRNA1	PF13279.13	Partial	None
GML002582	GML002582_mRNA1	PF00632.31,PF06012.18,PF06025.18,PF14377.12,PF14377.12	Complete	None
GML002582	GML002582_mRNA2	PF00632.31,PF06012.18,PF06025.18,PF14377.12,PF14377.12	Complete	Unchanged
GML002582	GML002582_mRNA3	PF00632.31,PF06012.18,PF06025.18,PF14377.12,PF14377.12	Complete	Unchanged
GML002583	GML002583_mRNA1		None	None
GML002584	GML002584_mRNA1		None	None
GML002585	GML002585_mRNA1	PF04098.22	Partial	None
GML002586	GML002586_mRNA1	PF00899.28,PF08825.16	Complete	None
GML002587	GML002587_mRNA1	PF00561.27	Partial	None
GML002588	GML002588_mRNA1	PF00394.29,PF07731.21,PF07732.22	Complete	None
GML002589	GML002589_mRNA1	PF00928.27	Partial	None
GML002590	GML002590_mRNA1		None	None
GML002590	GML002590_mRNA2		None	Unchanged
GML002591	GML002591_mRNA1	PF08596.17	Partial	None
GML002591	GML002591_mRNA2	PF08596.17	Partial	Unchanged
GML002591	GML002591_mRNA3		None	Loss
GML002592	GML002592_mRNA1	PF00587.31,PF01432.27,PF02403.28	Complete	None
GML002592	GML002592_mRNA2	PF01432.27	Partial	Loss
GML002593	GML002593_mRNA1	PF00587.31,PF02403.28	Partial	None
GML002594	GML002594_mRNA1	PF00069.32,PF07714.24,PF25347.2	Complete	None
GML002595	GML002595_mRNA1	PF09774.15	Partial	None
GML002596	GML002596_mRNA1		None	None
GML002596	GML002596_mRNA2		None	Unchanged
GML002597	GML002597_mRNA1	PF03357.27	Partial	None
GML002598	GML002598_mRNA1	PF00081.28,PF02777.24	Partial	None
GML002599	GML002599_mRNA1	PF00787.30	Complete	None
GML002599	GML002599_mRNA2	PF00787.30	Partial	Truncated
GML002600	GML002600_mRNA1	PF05186.19	Partial	None
GML002601	GML002601_mRNA1	PF05739.27,PF09177.16	Partial	None
GML002602	GML002602_mRNA1	PF02269.23	Partial	None
GML002603	GML002603_mRNA1		None	None
GML002603	GML002603_mRNA2		None	Unchanged
GML002604	GML002604_mRNA1	PF12656.13	Complete	None
GML002605	GML002605_mRNA1	PF08118.17,PF08118.17	Partial	None
GML002606	GML002606_mRNA1	PF17903.8,PF22891.3	Complete	None
GML002607	GML002607_mRNA1	PF00583.32,PF08445.17,PF13508.14,PF13673.14	Partial	None
GML002608	GML002608_mRNA1	PF04051.22	Partial	None
GML002609	GML002609_mRNA1	PF25909.1	Complete	None
GML002610	GML002610_mRNA1	PF00102.33,PF00581.26	Complete	None
GML002611	GML002611_mRNA1	PF00085.27,PF13098.14,PF27829.1	Complete	None
GML002611	GML002611_mRNA2	PF00856.34,PF27829.1	Partial	Gain,Loss
GML002612	GML002612_mRNA1	PF00085.27,PF13098.14,PF14595.13	Partial	None
GML002613	GML002613_mRNA1	PF08597.16	Partial	None
GML002614	GML002614_mRNA1		None	None
GML002615	GML002615_mRNA1		None	None
GML002616	GML002616_mRNA1	PF22099.2	Partial	None
GML002617	GML002617_mRNA1	PF00069.32,PF03109.23,PF07714.24,PF17667.8	Partial	None
GML002618	GML002618_mRNA1	PF00400.39,PF00400.39,PF00400.39,PF00400.39,PF00400.39,PF12894.14,PF25175.2	Complete	None
GML002618	GML002618_mRNA2	PF00400.39,PF00400.39,PF00400.39,PF00400.39,PF00400.39,PF12894.14,PF25175.2	Complete	Unchanged
GML002619	GML002619_mRNA1	PF05255.17	Partial	None
GML002620	GML002620_mRNA1	PF00069.32,PF07714.24	Partial	None
GML002621	GML002621_mRNA1		None	None
GML002622	GML002622_mRNA1	PF00276.26,PF03939.19	Partial	None
GML002623	GML002623_mRNA1	PF00412.29	Complete	None
GML002624	GML002624_mRNA1	PF09335.17	Partial	None
GML002624	GML002624_mRNA2	PF09335.17	Partial	Unchanged
GML002625	GML002625_mRNA1		None	None
GML002625	GML002625_mRNA2		None	Unchanged
GML002626	GML002626_mRNA1	PF00083.31,PF07690.22,PF07690.22	Partial	None
GML002627	GML002627_mRNA1		None	None
GML002628	GML002628_mRNA1	PF00326.28,PF00756.27	Partial	None
GML002629	GML002629_mRNA1	PF00568.30,PF02205.27,PF13324.13	Complete	None
GML002629	GML002629_mRNA2	PF13324.13	Partial	Loss,Truncated
GML002630	GML002630_mRNA1	PF02492.26,PF07683.20	Complete	None
GML002631	GML002631_mRNA1		None	None
GML002632	GML002632_mRNA1		None	None
GML002633	GML002633_mRNA1	PF01196.25	Partial	None
GML002634	GML002634_mRNA1	PF00106.32,PF08659.17,PF13561.13	Partial	None
GML002635	GML002635_mRNA1	PF17050.11	Partial	None
GML002636	GML002636_mRNA1	PF01794.26,PF08022.19,PF08030.18	Complete	None
GML002636	GML002636_mRNA2	PF01794.26,PF08022.19,PF08030.18	Complete	Unchanged
GML002636	GML002636_mRNA3	PF01794.26,PF08022.19,PF08030.18	Complete	Unchanged
GML002636	GML002636_mRNA4	PF01794.26,PF08022.19,PF08030.18	Complete	Unchanged
GML002637	GML002637_mRNA1	PF06984.19	Partial	None
GML002638	GML002638_mRNA1		None	None
GML002639	GML002639_mRNA1		None	None
GML002640	GML002640_mRNA1	PF08314.18	Partial	None
GML002641	GML002641_mRNA1	PF05970.21,PF13245.13,PF13401.13,PF13604.13,PF21530.4	Complete	None
GML002641	GML002641_mRNA2	PF05970.21,PF13245.13,PF13401.13,PF13604.13,PF21530.4	Complete	Truncated
GML002642	GML002642_mRNA1	PF00270.36	Partial	None
GML002643	GML002643_mRNA1	PF01734.28,PF24179.2	Complete	None
GML002644	GML002644_mRNA1		None	None
GML002645	GML002645_mRNA1	PF00155.28	Partial	None
GML002645	GML002645_mRNA2	PF00155.28	Partial	Unchanged
GML002646	GML002646_mRNA1		None	None
GML002647	GML002647_mRNA1		None	None
GML002647	GML002647_mRNA2		None	Unchanged
GML002648	GML002648_mRNA1	PF01636.30,PF02958.27	Partial	None
GML002649	GML002649_mRNA1	PF04421.21	Partial	None
GML002649	GML002649_mRNA2	PF04421.21	Partial	Unchanged
GML002649	GML002649_mRNA3		None	Loss
GML002650	GML002650_mRNA1	PF00732.26,PF00890.31,PF05199.20	Complete	None
GML002651	GML002651_mRNA1	PF00083.31,PF07690.22	Partial	None
GML002652	GML002652_mRNA1		None	None
GML002653	GML002653_mRNA1	PF01412.24	Partial	None
GML002653	GML002653_mRNA2	PF01412.24	Partial	Unchanged
GML002654	GML002654_mRNA1		None	None
GML002655	GML002655_mRNA1	PF00004.36,PF00004.36,PF00158.33,PF02861.26,PF07724.21,PF07728.21,PF10431.16,PF17871.8,PF23569.2	Complete	None
GML002656	GML002656_mRNA1	PF01912.25	Partial	None
GML002657	GML002657_mRNA1	PF00454.34,PF00613.27,PF19274.5,PF28151.1	Complete	None
GML002658	GML002658_mRNA1	PF06011.18,PF14558.12	Partial	None
GML002659	GML002659_mRNA1		None	None
GML002660	GML002660_mRNA1	PF00198.29,PF00364.29	Partial	None
GML002661	GML002661_mRNA1	PF00096.33,PF00096.33,PF13894.13	Complete	None
GML002662	GML002662_mRNA1	PF00096.33,PF00096.33	Complete	None
GML002663	GML002663_mRNA1		None	None
GML002664	GML002664_mRNA1	PF01264.27	Partial	None
GML002665	GML002665_mRNA1	PF00025.28,PF01926.30,PF09439.17	Partial	None
GML002666	GML002666_mRNA1	PF08432.16	Partial	None
GML002667	GML002667_mRNA1	PF00149.34,PF16891.11	Partial	None
GML002668	GML002668_mRNA1	PF01667.24	Partial	None
GML002669	GML002669_mRNA1	PF00155.28	Partial	None
GML002670	GML002670_mRNA1	PF01105.30	Partial	None
GML002671	GML002671_mRNA1	PF00069.32,PF07714.24	Partial	None
GML002672	GML002672_mRNA1	PF10295.15	Partial	None
GML002672	GML002672_mRNA2	PF10295.15	Partial	Unchanged
GML002673	GML002673_mRNA1		None	None
GML002673	GML002673_mRNA2		None	Unchanged
GML002674	GML002674_mRNA1		None	None
GML002675	GML002675_mRNA1		None	None
GML002676	GML002676_mRNA1		None	None
GML002677	GML002677_mRNA1	PF00172.24	Partial	None
GML002677	GML002677_mRNA2	PF00172.24	Partial	Unchanged
GML002677	GML002677_mRNA3	PF00172.24	Partial	Unchanged
GML002678	GML002678_mRNA1	PF07690.22,PF12832.14	Partial	None
GML002679	GML002679_mRNA1	PF00324.28,PF13520.13	Partial	None
GML002680	GML002680_mRNA1		None	None
GML002681	GML002681_mRNA1	PF00096.33,PF00096.33,PF13912.13	Complete	None
GML002681	GML002681_mRNA2	PF00096.33,PF00096.33,PF13912.13	Complete	Unchanged
GML002682	GML002682_mRNA1	PF00755.26	Partial	None
GML002683	GML002683_mRNA1	PF25455.3	Complete	None
GML002684	GML002684_mRNA1	PF00650.26,PF03765.22	Partial	None
GML002685	GML002685_mRNA1	PF00168.37,PF00616.25	Complete	None
GML002686	GML002686_mRNA1	PF04851.22,PF09416.17,PF13086.13,PF13086.13,PF13087.13,PF13245.13,PF13604.13,PF18141.8	Complete	None
GML002687	GML002687_mRNA1		None	None
GML002688	GML002688_mRNA1		None	None
GML002689	GML002689_mRNA1		None	None
GML002690	GML002690_mRNA1	PF00179.32	Partial	None
GML002690	GML002690_mRNA2	PF00179.32	Partial	Unchanged
GML002690	GML002690_mRNA3	PF00179.32	Partial	Unchanged
GML002691	GML002691_mRNA1	PF02537.22,PF02537.22	Complete	None
GML002692	GML002692_mRNA1	PF13246.13,PF16209.11,PF16212.12	Complete	None
GML002692	GML002692_mRNA2	PF13246.13,PF16212.12	Complete	Loss
GML002693	GML002693_mRNA1	PF00153.33,PF00153.33,PF00153.33	Complete	None
GML002694	GML002694_mRNA1	PF01536.22	Partial	None
GML002695	GML002695_mRNA1	PF00069.32,PF00433.30,PF07714.24	Complete	None
GML002696	GML002696_mRNA1		None	None
GML002696	GML002696_mRNA2		None	Unchanged
GML002697	GML002697_mRNA1	PF00350.30,PF01031.26,PF02212.24	Complete	None
GML002698	GML002698_mRNA1	PF01661.28	Partial	None
GML002699	GML002699_mRNA1		None	None
GML002700	GML002700_mRNA1		None	None
GML002701	GML002701_mRNA1	PF01509.24	Partial	None
GML002701	GML002701_mRNA2	PF01509.24	Partial	Unchanged
GML002702	GML002702_mRNA1	PF10256.15	Partial	None
GML002703	GML002703_mRNA1	PF01535.27,PF13041.13,PF29070.1	Complete	None
GML002704	GML002704_mRNA1	PF01265.23	Partial	None
GML002705	GML002705_mRNA1		None	None
GML002706	GML002706_mRNA1		None	None
GML002707	GML002707_mRNA1	PF02338.26	Partial	None
GML002708	GML002708_mRNA1	PF00134.29	Partial	None
GML002708	GML002708_mRNA2	PF00134.29	Partial	Unchanged
GML002708	GML002708_mRNA3	PF00134.29	Partial	Unchanged
GML002709	GML002709_mRNA1	PF13621.13	Partial	None
GML002710	GML002710_mRNA1	PF25318.2	Partial	None
GML002710	GML002710_mRNA2	PF25318.2	Partial	Unchanged
GML002711	GML002711_mRNA1	PF05187.20,PF13450.13,PF21162.4	Complete	None
GML002712	GML002712_mRNA1	PF01794.26,PF08022.19,PF08030.18	Complete	None
GML002712	GML002712_mRNA2	PF01794.26,PF08022.19,PF08030.18	Complete	Unchanged
GML002713	GML002713_mRNA1	PF00621.26,PF06395.17,PF15411.13	Complete	None
GML002713	GML002713_mRNA2	PF00621.26,PF06395.17,PF15411.13	Complete	Truncated
GML002714	GML002714_mRNA1	PF00400.39,PF00400.39,PF00400.39	Complete	None
GML002715	GML002715_mRNA1	PF07970.18,PF13850.12	Partial	None
GML002716	GML002716_mRNA1	PF11788.15	Partial	None
GML002717	GML002717_mRNA1	PF00076.29,PF04818.20,PF21380.3	Complete	None
GML002718	GML002718_mRNA1	PF00004.36,PF01434.25,PF17862.8,PF21232.4	Complete	None
GML002719	GML002719_mRNA1	PF00107.33,PF08240.18,PF13602.13	Partial	None
GML002720	GML002720_mRNA1	PF05786.20	Partial	None
GML002721	GML002721_mRNA1	PF29179.1	Partial	None
GML002722	GML002722_mRNA1	PF00977.28	Partial	None
GML002723	GML002723_mRNA1	PF01000.32,PF01193.30	Partial	None
GML002724	GML002724_mRNA1		None	None
GML002725	GML002725_mRNA1	PF29507.1	Partial	None
GML002726	GML002726_mRNA1	PF00566.26,PF02893.27,PF23436.2	Partial	None
GML002726	GML002726_mRNA2	PF00566.26,PF02893.27,PF23436.2	Partial	Unchanged
GML002727	GML002727_mRNA1	PF10344.16	Partial	None
GML002728	GML002728_mRNA1	PF00004.36,PF07724.21,PF07728.21,PF16450.12	Complete	None
GML002728	GML002728_mRNA2	PF00004.36,PF07724.21,PF07728.21,PF16450.12	Partial	Truncated
GML002729	GML002729_mRNA1	PF03901.24	Partial	None
GML002730	GML002730_mRNA1	PF04003.18	Complete	None
GML002730	GML002730_mRNA2	PF04003.18	Complete	Unchanged
GML002731	GML002731_mRNA1	PF00025.28,PF00071.29,PF08477.20	Partial	None
GML002732	GML002732_mRNA1	PF11326.14	Partial	None
GML002733	GML002733_mRNA1	PF01979.27,PF01979.27,PF12890.14	Partial	None
GML002734	GML002734_mRNA1	PF00107.33,PF08240.18	Partial	None
GML002734	GML002734_mRNA2	PF00107.33,PF08240.18	Partial	Unchanged
GML002735	GML002735_mRNA1	PF04117.18	Complete	None
GML002736	GML002736_mRNA1		None	None
GML002737	GML002737_mRNA1	PF00083.31,PF07690.22	Partial	None
GML002738	GML002738_mRNA1	PF01412.24	Partial	None
GML002739	GML002739_mRNA1	PF04280.22	Partial	None
GML002740	GML002740_mRNA1	PF01494.26,PF01494.26,PF08491.17,PF13450.13	Partial	None
GML002741	GML002741_mRNA1	PF02902.26	Partial	None
GML002741	GML002741_mRNA2	PF23436.2	Partial	Gain,Loss
GML002742	GML002742_mRNA1	PF03061.29	Partial	None
GML002743	GML002743_mRNA1		None	None
GML002744	GML002744_mRNA1	PF00303.25	Partial	None
GML002745	GML002745_mRNA1		None	None
GML002746	GML002746_mRNA1	PF08654.16	Partial	None
GML002746	GML002746_mRNA2	PF08654.16	Partial	Unchanged
GML002747	GML002747_mRNA1	PF03177.21,PF08801.18	Partial	None
GML002748	GML002748_mRNA1	PF04427.24	Partial	None
GML002748	GML002748_mRNA2	PF04427.24	Partial	Unchanged
GML002749	GML002749_mRNA1		None	None
GML002749	GML002749_mRNA2		None	Unchanged
GML002750	GML002750_mRNA1	PF00069.32,PF00069.32,PF07714.24	Partial	None
GML002751	GML002751_mRNA1	PF12298.15	Partial	None
GML002751	GML002751_mRNA2	PF12298.15	Partial	Unchanged
GML002752	GML002752_mRNA1	PF00082.28,PF05922.22	Partial	None
GML002753	GML002753_mRNA1	PF01105.30	Partial	None
GML002754	GML002754_mRNA1	PF01000.32,PF01193.30	Partial	None
GML002755	GML002755_mRNA1	PF03813.22,PF08508.17,PF17403.8,PF17404.8,PF17405.9,PF17406.8,PF17407.8	Complete	None
GML002755	GML002755_mRNA2	PF03813.22,PF17403.8,PF17404.8,PF17405.9,PF17406.8,PF17407.8	Complete	Loss
GML002756	GML002756_mRNA1	PF08508.17	Partial	None
GML002757	GML002757_mRNA1	PF13243.13,PF13249.13	Partial	None
GML002758	GML002758_mRNA1		None	None
GML002759	GML002759_mRNA1		None	None
GML002759	GML002759_mRNA2		None	Unchanged
GML002760	GML002760_mRNA1		None	None
GML002761	GML002761_mRNA1	PF00828.26,PF29471.1	Partial	None
GML002762	GML002762_mRNA1	PF18596.7,PF18636.9	Complete	None
GML002763	GML002763_mRNA1	PF00069.32,PF01636.30,PF07714.24	Partial	None
GML002764	GML002764_mRNA1	PF00307.37,PF00307.37	Partial	None
GML002764	GML002764_mRNA2	PF00307.37,PF00307.37	Partial	Unchanged
GML002765	GML002765_mRNA1	PF10209.15	Partial	None
GML002765	GML002765_mRNA2	PF10209.15	Partial	Unchanged
GML002766	GML002766_mRNA1	PF16782.12,PF29875.1	Partial	None
GML002767	GML002767_mRNA1	PF00428.25	Partial	None
GML002768	GML002768_mRNA1		None	None
GML002769	GML002769_mRNA1	PF00085.27	Partial	None
GML002770	GML002770_mRNA1	PF01435.25,PF16491.11	Partial	None
GML002770	GML002770_mRNA2	PF01435.25,PF16491.11	Partial	Unchanged
GML002771	GML002771_mRNA1	PF03199.22,PF03917.24	Complete	None
GML002772	GML002772_mRNA1	PF07264.18	Partial	None
GML002772	GML002772_mRNA2	PF07264.18	Partial	Unchanged
GML002773	GML002773_mRNA1		None	None
GML002774	GML002774_mRNA1	PF00225.30,PF16796.12	Partial	None
GML002774	GML002774_mRNA2	PF00225.30,PF16796.12	Partial	Unchanged
GML002775	GML002775_mRNA1		None	None
GML002775	GML002775_mRNA2		None	Unchanged
GML002775	GML002775_mRNA3		None	Unchanged
GML002776	GML002776_mRNA1		None	None
GML002776	GML002776_mRNA2	PF16965.12	Partial	Gain
GML002777	GML002777_mRNA1	PF00787.30	Partial	None
GML002778	GML002778_mRNA1	PF11927.15	Partial	None
GML002779	GML002779_mRNA1	PF00588.25	Complete	None
GML002780	GML002780_mRNA1	PF01138.28	Partial	None
GML002781	GML002781_mRNA1	PF05172.20	Complete	None
GML002781	GML002781_mRNA2	PF05172.20	Complete	Unchanged
GML002782	GML002782_mRNA1	PF10332.15	Complete	None
GML002783	GML002783_mRNA1		None	None
GML002784	GML002784_mRNA1	PF00102.33,PF00581.26	Partial	None
GML002784	GML002784_mRNA2	PF00102.33,PF00581.26	Partial	Unchanged
GML002785	GML002785_mRNA1	PF00432.28	Partial	None
GML002785	GML002785_mRNA2	PF00432.28	Partial	Unchanged
GML002786	GML002786_mRNA1	PF00789.27	Complete	None
GML002787	GML002787_mRNA1	PF02290.21	Partial	None
GML002788	GML002788_mRNA1	PF06813.20,PF07690.22	Partial	None
GML002789	GML002789_mRNA1	PF00350.30,PF01926.30	Complete	None
GML002789	GML002789_mRNA2		None	Loss
GML002790	GML002790_mRNA1	PF04115.19	Partial	None
GML002791	GML002791_mRNA1	PF10199.15	Partial	None
GML002792	GML002792_mRNA1	PF04091.19,PF20651.4	Partial	None
GML002792	GML002792_mRNA2	PF04091.19,PF20651.4	Partial	Unchanged
GML002793	GML002793_mRNA1	PF28274.1	Partial	None
GML002794	GML002794_mRNA1	PF09340.16	Partial	None
GML002795	GML002795_mRNA1	PF09812.15	Partial	None
GML002796	GML002796_mRNA1		None	None
GML002797	GML002797_mRNA1	PF00069.32,PF00433.30,PF07714.24	Complete	None
GML002797	GML002797_mRNA2	PF00069.32,PF00433.30,PF07714.24	Complete	Unchanged
GML002798	GML002798_mRNA1	PF00069.32,PF07714.24,PF16797.12	Complete	None
GML002798	GML002798_mRNA2	PF00069.32,PF07714.24,PF16797.12	Complete	Unchanged
GML002799	GML002799_mRNA1	PF17034.11,PF21719.4,PF21720.4	Complete	None
GML002800	GML002800_mRNA1	PF00069.32,PF00130.29,PF00433.30,PF02185.23,PF02185.23,PF07714.24	Complete	None
GML002801	GML002801_mRNA1	PF00071.29,PF08477.20	Partial	None
GML002802	GML002802_mRNA1	PF03914.24	Complete	None
GML002803	GML002803_mRNA1	PF00069.32,PF07714.24,PF14531.13,PF17667.8	Partial	None
GML002804	GML002804_mRNA1	PF01894.24,PF05141.18	Complete	None
GML002804	GML002804_mRNA2	PF05141.18	Partial	Loss
GML002805	GML002805_mRNA1	PF01894.24	Partial	None
GML002805	GML002805_mRNA2	PF01894.24	Partial	Unchanged
GML002806	GML002806_mRNA1	PF00628.36,PF31218.1	Partial	None
GML002807	GML002807_mRNA1	PF12265.15	Partial	None
GML002808	GML002808_mRNA1	PF04133.20	Partial	None
GML002809	GML002809_mRNA1	PF06417.18	Partial	None
GML002810	GML002810_mRNA1	PF02926.23	Complete	None
GML002811	GML002811_mRNA1	PF00646.39,PF12937.13	Partial	None
GML002812	GML002812_mRNA1	PF00012.27,PF06723.20	Partial	None
GML002812	GML002812_mRNA2	PF00012.27,PF06723.20	Partial	Unchanged
GML002812	GML002812_mRNA3	PF00012.27,PF06723.20	Partial	Unchanged
GML002812	GML002812_mRNA4	PF00012.27,PF06723.20	Partial	Unchanged
GML002813	GML002813_mRNA1	PF00227.32,PF10584.15	Partial	None
GML002814	GML002814_mRNA1	PF00113.29,PF03952.22	Partial	None
GML002815	GML002815_mRNA1	PF00266.26,PF22580.3	Complete	None
GML002815	GML002815_mRNA2	PF00266.26,PF22580.3	Complete	Unchanged
GML002816	GML002816_mRNA1	PF01217.27	Partial	None
GML002817	GML002817_mRNA1	PF07960.17	Partial	None
GML002818	GML002818_mRNA1	PF00172.24,PF11951.14	Partial	None
GML002818	GML002818_mRNA2	PF11951.14	Partial	Loss
GML002819	GML002819_mRNA1	PF00025.28,PF00071.29,PF08477.20	Partial	None
GML002820	GML002820_mRNA1	PF00069.32,PF00072.31,PF00512.32,PF02518.32,PF13191.13,PF25503.1	Complete	None
GML002821	GML002821_mRNA1		None	None
GML002822	GML002822_mRNA1	PF07859.20,PF10340.16	Partial	None
GML002822	GML002822_mRNA2	PF07859.20,PF10340.16	Partial	Unchanged
GML002823	GML002823_mRNA1		None	None
GML002824	GML002824_mRNA1	PF00118.30	Partial	None
GML002825	GML002825_mRNA1	PF00134.29,PF08613.17	Partial	None
GML002826	GML002826_mRNA1	PF01699.30,PF01699.30	Partial	None
GML002827	GML002827_mRNA1	PF01494.26,PF08491.17	Partial	None
GML002828	GML002828_mRNA1	PF00483.30,PF02020.25,PF24894.2,PF25084.2,PF25087.2	Complete	None
GML002828	GML002828_mRNA2	PF00483.30,PF02020.25,PF24894.2,PF25084.2,PF25087.2	Complete	Unchanged
GML002828	GML002828_mRNA3	PF00483.30,PF02020.25,PF24894.2,PF25084.2,PF25087.2	Complete	Unchanged
GML002828	GML002828_mRNA4	PF00483.30,PF02020.25,PF24894.2,PF25084.2,PF25087.2	Complete	Unchanged
GML002828	GML002828_mRNA5	PF00483.30,PF02020.25,PF24894.2,PF25084.2,PF25087.2	Complete	Unchanged
GML002829	GML002829_mRNA1		None	None
GML002830	GML002830_mRNA1	PF04145.21,PF04145.21	Partial	None
GML002831	GML002831_mRNA1	PF07690.22	Partial	None
GML002832	GML002832_mRNA1		None	None
GML002833	GML002833_mRNA1	PF08640.18,PF23240.2	Partial	None
GML002834	GML002834_mRNA1	PF30975.1	Partial	None
GML002835	GML002835_mRNA1	PF00249.38,PF00569.24,PF04433.24,PF13921.13,PF22941.2,PF25299.2	Complete	None
GML002836	GML002836_mRNA1	PF00833.24	Partial	None
GML002837	GML002837_mRNA1	PF01266.31,PF13450.13	Partial	None
GML002838	GML002838_mRNA1	PF27676.2	Partial	None
GML002839	GML002839_mRNA1	PF02127.21	Partial	None
GML002840	GML002840_mRNA1	PF00010.32	Complete	None
GML002840	GML002840_mRNA2	PF00010.32	Complete	Unchanged
GML002841	GML002841_mRNA1		None	None
GML002842	GML002842_mRNA1	PF01163.29	Partial	None
GML002842	GML002842_mRNA2	PF01163.29	Partial	Unchanged
GML002843	GML002843_mRNA1	PF08552.17	Partial	None
GML002844	GML002844_mRNA1	PF07534.23	Complete	None
GML002844	GML002844_mRNA2	PF07534.23	Complete	Unchanged
GML002845	GML002845_mRNA1	PF08159.18,PF25121.1	Complete	None
GML002846	GML002846_mRNA1	PF13350.12	Partial	None
GML002846	GML002846_mRNA2	PF13350.12	Partial	Unchanged
GML002847	GML002847_mRNA1	PF01105.30	Partial	None
GML002848	GML002848_mRNA1	PF00581.26,PF00899.28	Complete	None
GML002849	GML002849_mRNA1		None	None
GML002850	GML002850_mRNA1	PF11976.15	Complete	None
GML002851	GML002851_mRNA1	PF04178.19,PF04178.19	Partial	None
GML002852	GML002852_mRNA1	PF01230.30,PF11969.14	Partial	None
GML002853	GML002853_mRNA1	PF03062.25	Partial	None
GML002854	GML002854_mRNA1	PF00226.37,PF01556.24	Partial	None
GML002855	GML002855_mRNA1	PF00400.39,PF00400.39,PF00400.39,PF00400.39	Complete	None
GML002856	GML002856_mRNA1	PF02257.22,PF25340.1	Complete	None
GML002856	GML002856_mRNA2	PF02257.22,PF25340.1	Partial	Truncated
GML002857	GML002857_mRNA1	PF00327.26	Partial	None
GML002857	GML002857_mRNA2	PF00327.26	Partial	Unchanged
GML002858	GML002858_mRNA1	PF00153.33,PF00153.33,PF00153.33,PF09724.15	Complete	None
GML002858	GML002858_mRNA2	PF00153.33,PF00153.33,PF00153.33	Complete	Loss
GML002859	GML002859_mRNA1	PF00266.26,PF01041.24,PF01212.28	Partial	None
GML002860	GML002860_mRNA1	PF00180.26	Partial	None
GML002861	GML002861_mRNA1	PF12015.14,PF25351.2	Complete	None
GML002862	GML002862_mRNA1	PF09435.17	Partial	None
GML002863	GML002863_mRNA1	PF00076.29,PF00076.29,PF00076.29	Complete	None
GML002864	GML002864_mRNA1	PF07039.18	Partial	None
GML002865	GML002865_mRNA1		None	None
GML002866	GML002866_mRNA1	PF01926.30,PF06071.20	Complete	None
GML002867	GML002867_mRNA1		None	None
GML002867	GML002867_mRNA2		None	Unchanged
GML002868	GML002868_mRNA1		None	None
GML002869	GML002869_mRNA1	PF01016.25,PF18471.8	Partial	None
GML002870	GML002870_mRNA1	PF01546.34,PF04389.23,PF07687.20	Complete	None
GML002871	GML002871_mRNA1		None	None
GML002872	GML002872_mRNA1	PF00400.39	Complete	None
GML002872	GML002872_mRNA2	PF00400.39	Complete	Unchanged
GML002873	GML002873_mRNA1	PF00350.30,PF24550.2	Complete	None
GML002874	GML002874_mRNA1		None	None
GML002875	GML002875_mRNA1	PF27894.1	Partial	None
GML002876	GML002876_mRNA1	PF00428.25	Partial	None
GML002877	GML002877_mRNA1	PF01694.29	Partial	None
GML002878	GML002878_mRNA1	PF28225.1	Complete	None
GML002879	GML002879_mRNA1	PF04810.21,PF04811.22,PF04815.21	Complete	None
GML002879	GML002879_mRNA2	PF04811.22,PF04815.21	Complete	Loss
GML002880	GML002880_mRNA1	PF05990.19,PF08538.17	Partial	None
GML002881	GML002881_mRNA1	PF08172.18,PF25398.2	Partial	None
GML002882	GML002882_mRNA1	PF00163.25,PF01479.31	Complete	None
GML002883	GML002883_mRNA1	PF01042.27,PF01902.25,PF28410.1	Complete	None
GML002883	GML002883_mRNA2	PF01042.27,PF01902.25,PF28410.1	Complete	Unchanged
GML002884	GML002884_mRNA1	PF01535.27,PF01535.27,PF23276.3,PF29347.1	Complete	None
GML002885	GML002885_mRNA1	PF00133.29,PF00133.29,PF00133.29,PF08264.20,PF09334.18,PF13603.13	Complete	None
GML002885	GML002885_mRNA2	PF00133.29,PF00133.29,PF00133.29,PF08264.20,PF09334.18,PF13603.13	Complete	Unchanged
GML002885	GML002885_mRNA3	PF00133.29,PF00133.29,PF08264.20,PF09334.18,PF13603.13	Complete	Unchanged
GML002886	GML002886_mRNA1	PF28685.1	Complete	None
GML002887	GML002887_mRNA1	PF00400.39	Complete	None
GML002887	GML002887_mRNA2	PF00400.39	Complete	Unchanged
GML002888	GML002888_mRNA1		None	None
GML002888	GML002888_mRNA2		None	Unchanged
GML002888	GML002888_mRNA3		None	Unchanged
GML002889	GML002889_mRNA1		None	None
GML002890	GML002890_mRNA1		None	None
GML002890	GML002890_mRNA2		None	Unchanged
GML002891	GML002891_mRNA1	PF07859.20,PF10340.16	Partial	None
GML002892	GML002892_mRNA1	PF00013.36,PF00098.29,PF16275.11,PF22675.3	Complete	None
GML002893	GML002893_mRNA1	PF05175.21	Partial	None
GML002894	GML002894_mRNA1	PF00562.34,PF04560.26,PF04561.20,PF04563.21,PF04565.22,PF06883.18	Complete	None
GML002894	GML002894_mRNA2	PF00562.34,PF04560.26,PF04561.20,PF04563.21,PF04565.22,PF06883.18	Complete	Unchanged
GML002895	GML002895_mRNA1	PF10334.17,PF13515.13	Complete	None
GML002896	GML002896_mRNA1		None	None
GML002897	GML002897_mRNA1	PF03109.23	Partial	None
GML002898	GML002898_mRNA1	PF00270.36,PF00271.38,PF04408.30,PF07717.23,PF21010.3	Complete	None
GML002899	GML002899_mRNA1	PF00025.28,PF00071.29,PF01926.30,PF04670.19,PF08477.20,PF09439.17	Partial	None
GML002899	GML002899_mRNA2	PF00025.28,PF00071.29,PF01926.30,PF04670.19,PF08477.20,PF09439.17	Partial	Unchanged
GML002900	GML002900_mRNA1	PF06026.21	Partial	None
GML002900	GML002900_mRNA2	PF06026.21	Partial	Unchanged
GML002901	GML002901_mRNA1	PF01251.24	Partial	None
GML002902	GML002902_mRNA1	PF00018.35,PF00018.35,PF00611.29,PF07653.24,PF14604.13	Complete	None
GML002903	GML002903_mRNA1	PF09949.16	Partial	None
GML002904	GML002904_mRNA1	PF00642.31,PF16543.11	Complete	None
GML002905	GML002905_mRNA1	PF14222.12,PF14225.12,PF14228.11,PF14228.11,PF14228.11	Complete	None
GML002905	GML002905_mRNA2	PF14222.12,PF14225.12,PF14225.12,PF14228.11,PF14228.11,PF14228.11	Complete	Unchanged
GML002905	GML002905_mRNA3	PF14222.12	Partial	Loss
GML002906	GML002906_mRNA1	PF14225.12,PF14225.12,PF14228.11,PF14228.11	Complete	None
GML002907	GML002907_mRNA1	PF12460.15,PF14500.12	Partial	None
GML002908	GML002908_mRNA1	PF17075.12	Partial	None
GML002909	GML002909_mRNA1	PF02036.23	Partial	None
GML002910	GML002910_mRNA1	PF00400.39	Complete	None
GML002910	GML002910_mRNA2	PF00400.39	Complete	Unchanged
GML002910	GML002910_mRNA3	PF00400.39	Complete	Unchanged
GML002911	GML002911_mRNA1		None	None
GML002912	GML002912_mRNA1	PF29134.1	Complete	None
GML002913	GML002913_mRNA1	PF00122.26,PF00689.27,PF00690.32,PF00702.33,PF13246.13	Complete	None
GML002914	GML002914_mRNA1	PF01053.27	Partial	None
GML002915	GML002915_mRNA1	PF02167.21	Partial	None
GML002916	GML002916_mRNA1	PF00083.31,PF07690.22	Partial	None
GML002916	GML002916_mRNA2	PF00083.31,PF00083.31,PF07690.22	Partial	Unchanged
GML002917	GML002917_mRNA1	PF00069.32,PF07714.24	Partial	None
GML002918	GML002918_mRNA1	PF03239.21	Partial	None
GML002919	GML002919_mRNA1	PF02195.27	Partial	None
GML002920	GML002920_mRNA1	PF01794.26,PF08022.19,PF08030.18	Complete	None
GML002920	GML002920_mRNA2	PF01794.26,PF08022.19,PF08030.18	Complete	Unchanged
GML002920	GML002920_mRNA3	PF01794.26,PF08030.18	Complete	Loss
GML002920	GML002920_mRNA4	PF01794.26,PF08030.18	Complete	Loss
GML002921	GML002921_mRNA1	PF23231.2,PF23233.2,PF23240.2,PF23241.2	Partial	None
GML002922	GML002922_mRNA1		None	None
GML002923	GML002923_mRNA1		None	None
GML002924	GML002924_mRNA1	PF00005.34,PF00005.34,PF01061.30,PF01061.30,PF06422.19,PF14510.12,PF19055.7	Complete	None
GML002925	GML002925_mRNA1	PF04446.18,PF14413.12	Partial	None
GML002925	GML002925_mRNA2	PF04446.18,PF14413.12	Partial	Unchanged
GML002926	GML002926_mRNA1	PF23550.2,PF25372.2	Complete	None
GML002927	GML002927_mRNA1	PF05843.21,PF23240.2,PF23241.2	Complete	None
GML002928	GML002928_mRNA1	PF01480.23,PF24825.4	Complete	None
GML002929	GML002929_mRNA1	PF27810.1	Complete	None
GML002930	GML002930_mRNA1	PF27705.1	Partial	None
GML002931	GML002931_mRNA1		None	None
GML002932	GML002932_mRNA1	PF09784.15	Partial	None
GML002932	GML002932_mRNA2	PF09784.15	Partial	Unchanged
GML002933	GML002933_mRNA1	PF08286.17	Partial	None
GML002933	GML002933_mRNA2	PF08286.17	Partial	Unchanged
GML002934	GML002934_mRNA1	PF08583.16	Partial	None
GML002934	GML002934_mRNA2	PF08583.16	Partial	Unchanged
GML002935	GML002935_mRNA1		None	None
GML002935	GML002935_mRNA2		None	Unchanged
GML002936	GML002936_mRNA1		None	None
GML002937	GML002937_mRNA1		None	None
GML002938	GML002938_mRNA1	PF01127.28	Partial	None
GML002939	GML002939_mRNA1	PF01363.28	Complete	None
GML002940	GML002940_mRNA1	PF02516.21,PF21436.3,PF22627.1	Complete	None
GML002940	GML002940_mRNA2	PF02516.21,PF21436.3,PF22627.1	Complete	Unchanged
GML002941	GML002941_mRNA1	PF06127.17	Partial	None
GML002942	GML002942_mRNA1	PF05063.21	Complete	None
GML002943	GML002943_mRNA1	PF00018.35,PF00018.35,PF00018.35,PF03983.19,PF07653.24,PF07653.24,PF14604.13,PF24081.2	Complete	None
GML002944	GML002944_mRNA1	PF00389.37,PF02826.26,PF03807.24	Complete	None
GML002945	GML002945_mRNA1	PF01215.25	Partial	None
GML002946	GML002946_mRNA1	PF01283.25	Partial	None
GML002946	GML002946_mRNA2	PF01283.25	Partial	Unchanged
GML002947	GML002947_mRNA1	PF00400.39	Complete	None
GML002948	GML002948_mRNA1	PF02046.21	Partial	None
GML002949	GML002949_mRNA1	PF04991.21	Complete	None
GML002950	GML002950_mRNA1	PF04376.20,PF04377.22	Partial	None
GML002951	GML002951_mRNA1	PF02270.23,PF17683.7	Complete	None
GML002952	GML002952_mRNA1		None	None
GML002952	GML002952_mRNA2		None	Unchanged
GML002953	GML002953_mRNA1	PF02840.21	Partial	None
GML002954	GML002954_mRNA1	PF06398.18	Partial	None
GML002954	GML002954_mRNA2	PF06398.18	Partial	Unchanged
GML002955	GML002955_mRNA1	PF02463.26,PF06470.19	Complete	None
GML002956	GML002956_mRNA1	PF03452.21	Partial	None
GML002957	GML002957_mRNA1	PF00412.29,PF00620.33	Complete	None
GML002958	GML002958_mRNA1	PF05347.22,PF13233.13	Partial	None
GML002959	GML002959_mRNA1	PF08655.16	Partial	None
GML002959	GML002959_mRNA2	PF08655.16	Partial	Unchanged
GML002960	GML002960_mRNA1	PF05254.18	Partial	None
GML002961	GML002961_mRNA1	PF01764.32	Partial	None
GML002961	GML002961_mRNA2	PF01764.32	Partial	Unchanged
GML002962	GML002962_mRNA1		None	None
GML002962	GML002962_mRNA2		None	Unchanged
GML002963	GML002963_mRNA1		None	None
GML002964	GML002964_mRNA1	PF11916.14,PF12755.14	Complete	None
GML002965	GML002965_mRNA1	PF00226.37,PF00684.26,PF01556.24	Complete	None
GML002965	GML002965_mRNA2	PF00226.37,PF00684.26,PF01556.24	Complete	Unchanged
GML002965	GML002965_mRNA3	PF00226.37,PF00684.26,PF01556.24	Complete	Unchanged
GML002966	GML002966_mRNA1	PF12756.14	Complete	None
GML002967	GML002967_mRNA1	PF04950.19,PF08142.19,PF22298.3	Complete	None
GML002967	GML002967_mRNA2	PF04950.19,PF08142.19,PF22298.3	Complete	Unchanged
GML002968	GML002968_mRNA1		None	None
GML002969	GML002969_mRNA1	PF29316.1	Partial	None
GML002970	GML002970_mRNA1	PF25567.2	Partial	None
GML002971	GML002971_mRNA1	PF29361.1	Complete	None
GML002971	GML002971_mRNA2	PF29361.1	Complete	Unchanged
GML002972	GML002972_mRNA1	PF29361.1	Complete	None
GML002973	GML002973_mRNA1	PF08192.19,PF30502.1	Partial	None
GML002974	GML002974_mRNA1	PF00300.28,PF01591.25	Partial	None
GML002975	GML002975_mRNA1	PF00179.32	Partial	None
GML002976	GML002976_mRNA1	PF04614.18	Partial	None
GML002977	GML002977_mRNA1	PF00004.36,PF00004.36,PF17862.8,PF17862.8	Complete	None
GML002978	GML002978_mRNA1		None	None
GML002979	GML002979_mRNA1	PF00270.36,PF00271.38,PF08148.18,PF13234.13,PF17911.7,PF21408.3,PF21409.4,PF22527.3	Complete	None
GML002980	GML002980_mRNA1	PF00481.27	Partial	None
GML002981	GML002981_mRNA1	PF00338.28	Partial	None
GML002982	GML002982_mRNA1	PF05176.21	Partial	None
GML002983	GML002983_mRNA1	PF00293.35,PF05026.19	Partial	None
GML002984	GML002984_mRNA1		None	None
GML002985	GML002985_mRNA1	PF01163.29,PF03109.23,PF09202.18	Partial	None
GML002986	GML002986_mRNA1	PF00012.27,PF06723.20	Partial	None
GML002987	GML002987_mRNA1	PF00013.36	Complete	None
GML002987	GML002987_mRNA2	PF00013.36	Complete	Unchanged
GML002988	GML002988_mRNA1	PF00102.33	Partial	None
GML002989	GML002989_mRNA1	PF09084.17,PF22384.2	Partial	None
GML002989	GML002989_mRNA2	PF09084.17,PF22384.2	Partial	Unchanged
GML002990	GML002990_mRNA1	PF00025.28,PF00071.29,PF01926.30,PF04670.19,PF08477.20	Partial	None
GML002991	GML002991_mRNA1	PF07942.19	Partial	None
GML002991	GML002991_mRNA2	PF07942.19	Partial	Unchanged
GML002992	GML002992_mRNA1	PF00172.24	Complete	None
GML002992	GML002992_mRNA2	PF00172.24	Partial	Truncated
GML002992	GML002992_mRNA3		None	Loss
GML002993	GML002993_mRNA1	PF00172.24	Partial	None
GML002993	GML002993_mRNA2		None	Loss
GML002994	GML002994_mRNA1	PF01119.26,PF02518.32,PF08676.17,PF13589.13	Complete	None
GML002995	GML002995_mRNA1		None	None
GML002996	GML002996_mRNA1	PF00153.33,PF00153.33,PF00153.33,PF00153.33,PF13202.13,PF13202.13,PF13202.13,PF13499.13,PF13499.13,PF13833.13,PF13833.13,PF13833.13	Complete	None
GML002997	GML002997_mRNA1	PF03028.22,PF08385.18,PF08393.19,PF12774.14,PF12775.14,PF12777.12,PF12780.14,PF12781.14,PF17852.7,PF17857.7,PF18198.8,PF22597.3	Complete	None
GML002997	GML002997_mRNA2	PF03028.22,PF08385.18,PF08393.19,PF12774.14,PF12775.14,PF12777.12,PF12780.14,PF12781.14,PF17852.7,PF17857.7,PF18198.8,PF22597.3	Complete	Unchanged
GML002997	GML002997_mRNA3	PF03028.22,PF08385.18,PF08393.19,PF12774.14,PF12775.14,PF12777.12,PF12780.14,PF12781.14,PF17852.7,PF17857.7,PF18198.8,PF22597.3	Complete	Unchanged
GML002998	GML002998_mRNA1	PF01090.26	Partial	None
GML002999	GML002999_mRNA1		None	None
GML003000	GML003000_mRNA1	PF17135.10	Partial	None
GML003000	GML003000_mRNA2	PF00828.26,PF17135.10	Partial	Gain
GML003000	GML003000_mRNA3	PF00828.26,PF17135.10	Partial	Gain
GML003001	GML003001_mRNA1		None	None
GML003002	GML003002_mRNA1		None	None
GML003003	GML003003_mRNA1	PF02996.23	Partial	None
GML003004	GML003004_mRNA1	PF00493.30,PF07728.21,PF14551.12,PF17207.10,PF17855.8,PF21933.3	Complete	None
GML003005	GML003005_mRNA1		None	None
GML003006	GML003006_mRNA1		None	None
GML003006	GML003006_mRNA2		None	Unchanged
GML003007	GML003007_mRNA1	PF11559.14	Partial	None
GML003008	GML003008_mRNA1	PF10775.15	Partial	None
GML003009	GML003009_mRNA1	PF06220.19	Partial	None
GML003010	GML003010_mRNA1	PF00025.28,PF00071.29,PF08477.20	Partial	None
GML003011	GML003011_mRNA1	PF10567.16	Partial	None
GML003012	GML003012_mRNA1	PF01490.25	Partial	None
GML003013	GML003013_mRNA1	PF04383.20	Partial	None
GML003014	GML003014_mRNA1	PF04479.19	Partial	None
GML003015	GML003015_mRNA1	PF01778.23,PF04874.20	Partial	None
GML003015	GML003015_mRNA2	PF01778.23,PF04874.20	Partial	Unchanged
GML003016	GML003016_mRNA1	PF00307.37	Partial	None
GML003017	GML003017_mRNA1	PF00478.32,PF00571.34,PF00571.34,PF01070.25	Complete	None
GML003018	GML003018_mRNA1	PF01603.27,PF01603.27	Partial	None
GML003018	GML003018_mRNA2	PF01603.27,PF01603.27	Partial	Unchanged
GML003019	GML003019_mRNA1	PF04117.18	Partial	None
GML003020	GML003020_mRNA1	PF04117.18	Complete	None
GML003020	GML003020_mRNA2	PF04117.18	Complete	Unchanged
GML003020	GML003020_mRNA3	PF04117.18	Partial	Truncated
GML003021	GML003021_mRNA1	PF13805.12,PF13805.12	Partial	None
GML003022	GML003022_mRNA1		None	None
GML003023	GML003023_mRNA1	PF04430.20	Partial	None
GML003024	GML003024_mRNA1	PF17235.8	Partial	None
GML003025	GML003025_mRNA1	PF00241.26,PF00241.26	Partial	None
GML003026	GML003026_mRNA1	PF00097.32,PF00628.36,PF13639.13,PF13923.13,PF17123.12	Complete	None
GML003027	GML003027_mRNA1	PF03660.21	Partial	None
GML003028	GML003028_mRNA1	PF05700.17	Partial	None
GML003029	GML003029_mRNA1	PF00281.25,PF00673.27	Partial	None
GML003029	GML003029_mRNA2	PF00281.25,PF00673.27	Partial	Unchanged
GML003030	GML003030_mRNA1	PF00227.32	Partial	None
GML003031	GML003031_mRNA1	PF00250.25,PF00498.32	Complete	None
GML003032	GML003032_mRNA1		None	None
GML003033	GML003033_mRNA1	PF15341.12	Partial	None
GML003034	GML003034_mRNA1	PF00617.25,PF00618.26	Complete	None
GML003035	GML003035_mRNA1	PF12827.13	Partial	None
GML003036	GML003036_mRNA1	PF01680.24,PF05690.21	Partial	None
GML003037	GML003037_mRNA1	PF01174.26,PF01174.26,PF07685.21	Partial	None
GML003038	GML003038_mRNA1	PF00610.28,PF12257.15,PF24438.3,PF29595.1	Complete	None
GML003038	GML003038_mRNA2	PF00610.28,PF12257.15,PF24438.3,PF29595.1	Complete	Unchanged
GML003039	GML003039_mRNA1	PF00742.25,PF03447.23	Partial	None
GML003040	GML003040_mRNA1	PF02064.22	Partial	None
GML003041	GML003041_mRNA1		None	None
GML003042	GML003042_mRNA1	PF06420.18	Partial	None
GML003042	GML003042_mRNA2	PF06420.18	Partial	Unchanged
GML003043	GML003043_mRNA1	PF05390.17,PF10342.16	Partial	None
GML003044	GML003044_mRNA1	PF05390.17,PF10342.16	Partial	None
GML003045	GML003045_mRNA1	PF00892.27	Partial	None
GML003046	GML003046_mRNA1	PF03167.26,PF04756.20	Complete	None
GML003046	GML003046_mRNA2	PF03167.26	Partial	Loss,Truncated
GML003047	GML003047_mRNA1	PF00176.30,PF00270.36,PF00271.38,PF04851.22,PF09110.17,PF09111.17	Complete	None
GML003048	GML003048_mRNA1	PF08123.20	Complete	None
GML003049	GML003049_mRNA1	PF26147.1	Partial	None
GML003050	GML003050_mRNA1	PF00291.32	Partial	None
GML003050	GML003050_mRNA2	PF00291.32	Partial	Unchanged
GML003051	GML003051_mRNA1	PF08730.16	Partial	None
GML003051	GML003051_mRNA2	PF08730.16	Partial	Unchanged
GML003052	GML003052_mRNA1		None	None
GML003053	GML003053_mRNA1	PF01105.30	Partial	None
GML003054	GML003054_mRNA1		None	None
GML003055	GML003055_mRNA1	PF00675.26,PF05193.27,PF08367.17,PF22516.2	Complete	None
GML003056	GML003056_mRNA1		None	None
GML003057	GML003057_mRNA1	PF00153.33,PF00153.33,PF00153.33	Complete	None
GML003058	GML003058_mRNA1	PF07690.22	Partial	None
GML003059	GML003059_mRNA1	PF00005.34,PF06472.21	Complete	None
GML003060	GML003060_mRNA1	PF00956.24	Partial	None
GML003061	GML003061_mRNA1	PF17316.8	Partial	None
GML003062	GML003062_mRNA1		None	None
GML003063	GML003063_mRNA1		None	None
GML003064	GML003064_mRNA1	PF18101.8,PF25586.3	Complete	None
GML003065	GML003065_mRNA1	PF00106.32,PF08659.17,PF13561.13,PF23441.1	Partial	None
GML003066	GML003066_mRNA1	PF00406.30,PF13207.13,PF13238.13,PF23521.3	Partial	None
GML003067	GML003067_mRNA1	PF00397.33,PF00639.28,PF13616.13	Partial	None
GML003068	GML003068_mRNA1	PF00581.26	Partial	None
GML003069	GML003069_mRNA1	PF01433.27,PF11838.15,PF17900.7	Complete	None
GML003069	GML003069_mRNA2	PF01433.27,PF11838.15,PF17900.7	Partial	Truncated
GML003070	GML003070_mRNA1	PF29162.1	Partial	None
GML003071	GML003071_mRNA1		None	None
GML003072	GML003072_mRNA1	PF00006.32,PF00306.33,PF02874.30	Complete	None
GML003073	GML003073_mRNA1		None	None
GML003073	GML003073_mRNA2		None	Unchanged
GML003074	GML003074_mRNA1	PF00122.26,PF13246.13,PF16209.11,PF16212.12	Complete	None
GML003075	GML003075_mRNA1	PF03105.25,PF03124.21	Partial	None
GML003075	GML003075_mRNA2	PF03105.25,PF03124.21	Partial	Unchanged
GML003076	GML003076_mRNA1		None	None
GML003077	GML003077_mRNA1	PF00682.26,PF22617.2	Complete	None
GML003078	GML003078_mRNA1		None	None
GML003079	GML003079_mRNA1	PF00005.34,PF00005.34,PF00664.29	Complete	None
GML003079	GML003079_mRNA2	PF00005.34,PF00005.34,PF00664.29	Complete	Unchanged
GML003079	GML003079_mRNA3	PF00005.34,PF00005.34,PF00664.29	Complete	Unchanged
GML003080	GML003080_mRNA1	PF00920.28,PF24877.2	Complete	None
GML003081	GML003081_mRNA1	PF00156.34,PF13793.13,PF14572.13	Partial	None
GML003082	GML003082_mRNA1	PF04108.18,PF10377.15	Complete	None
GML003083	GML003083_mRNA1	PF00755.26	Partial	None
GML003083	GML003083_mRNA2	PF00755.26	Partial	Unchanged
GML003084	GML003084_mRNA1	PF13506.14,PF13506.14	Partial	None
GML003085	GML003085_mRNA1	PF01794.26,PF08022.19,PF08030.18	Complete	None
GML003086	GML003086_mRNA1	PF00650.26,PF13716.12	Partial	None
GML003086	GML003086_mRNA2	PF00650.26,PF13716.12	Partial	Unchanged
GML003087	GML003087_mRNA1		None	None
GML003088	GML003088_mRNA1		None	None
GML003089	GML003089_mRNA1		None	None
GML003090	GML003090_mRNA1		None	None
GML003091	GML003091_mRNA1	PF02535.29	Partial	None
GML003092	GML003092_mRNA1	PF03169.21	Partial	None
GML003093	GML003093_mRNA1	PF00067.28	Partial	None
GML003093	GML003093_mRNA2	PF00067.28	Partial	Unchanged
GML003094	GML003094_mRNA1		None	None
GML003095	GML003095_mRNA1	PF05792.19,PF05792.19,PF05792.19,PF05792.19,PF05792.19,PF05792.19,PF05792.19,PF05792.19,PF05792.19,PF05792.19,PF05792.19,PF05792.19,PF05792.19,PF05792.19,PF05792.19,PF05792.19,PF05792.19,PF05792.19,PF05792.19,PF05792.19,PF05792.19,PF05792.19,PF05792.19,PF05792.19,PF05792.19,PF05792.19,PF05792.19,PF05792.19,PF05792.19,PF05792.19,PF05792.19,PF05792.19,PF05792.19,PF05792.19,PF05792.19,PF05792.19,PF05792.19,PF05792.19,PF11766.15,PF17961.8	Complete	None
GML003095	GML003095_mRNA2	PF05792.19,PF05792.19,PF05792.19,PF05792.19,PF05792.19,PF05792.19,PF05792.19,PF05792.19,PF05792.19,PF05792.19,PF05792.19,PF05792.19,PF05792.19,PF05792.19,PF05792.19,PF05792.19,PF05792.19,PF05792.19,PF05792.19,PF05792.19,PF05792.19,PF05792.19,PF05792.19,PF05792.19,PF05792.19,PF05792.19,PF05792.19,PF05792.19,PF05792.19,PF05792.19,PF05792.19,PF05792.19,PF05792.19,PF05792.19,PF05792.19,PF05792.19,PF05792.19,PF05792.19,PF11766.15,PF17961.8	Complete	Unchanged
GML003096	GML003096_mRNA1	PF00150.25	Partial	None
GML003097	GML003097_mRNA1	PF00382.25,PF00382.25,PF08271.18	Complete	None
GML003098	GML003098_mRNA1		None	None
GML003099	GML003099_mRNA1	PF00474.24	Partial	None
GML003100	GML003100_mRNA1	PF03069.21	Partial	None
GML003101	GML003101_mRNA1	PF05730.17,PF05730.17	Complete	None
GML003102	GML003102_mRNA1		None	None
GML003103	GML003103_mRNA1	PF02133.22	Partial	None
GML003104	GML003104_mRNA1	PF27837.1	Partial	None
GML003105	GML003105_mRNA1	PF00656.28,PF31181.1	Partial	None
GML003106	GML003106_mRNA1	PF00106.32,PF08659.17,PF13561.13	Partial	None
GML003107	GML003107_mRNA1	PF00226.37,PF09320.17	Complete	None
GML003108	GML003108_mRNA1	PF00026.29,PF00026.29	Partial	None
GML003109	GML003109_mRNA1	PF00072.31,PF00512.32,PF00672.31,PF00672.31,PF00672.31,PF00672.31,PF02518.32,PF18947.6,PF18947.6,PF18947.6	Complete	None
GML003110	GML003110_mRNA1	PF00136.27,PF03104.26,PF14260.12	Complete	None
GML003111	GML003111_mRNA1	PF08689.16	Partial	None
GML003112	GML003112_mRNA1	PF04695.19	Partial	None
GML003112	GML003112_mRNA2	PF04695.19	Partial	Unchanged
GML003113	GML003113_mRNA1	PF00153.33,PF00153.33,PF00153.33	Complete	None
GML003114	GML003114_mRNA1	PF00432.28	Partial	None
GML003115	GML003115_mRNA1	PF01648.26	Partial	None
GML003116	GML003116_mRNA1	PF00155.28,PF01212.28	Partial	None
GML003117	GML003117_mRNA1	PF00171.28,PF05893.20	Partial	None
GML003118	GML003118_mRNA1		None	None
GML003118	GML003118_mRNA2		None	Unchanged
GML003119	GML003119_mRNA1		None	None
GML003120	GML003120_mRNA1	PF12632.13	Partial	None
GML003121	GML003121_mRNA1	PF00176.30,PF00271.38,PF04851.22,PF11496.15,PF13892.12	Complete	None
GML003122	GML003122_mRNA1	PF03647.19	Partial	None
GML003123	GML003123_mRNA1	PF00189.26,PF07650.24	Partial	None
GML003124	GML003124_mRNA1	PF02769.28,PF02769.28,PF13507.13,PF18072.7,PF18076.7,PF22689.2	Complete	None
GML003125	GML003125_mRNA1		None	None
GML003126	GML003126_mRNA1		None	None
GML003126	GML003126_mRNA2		None	Unchanged
GML003127	GML003127_mRNA1		None	None
GML003128	GML003128_mRNA1	PF03870.22	Partial	None
GML003129	GML003129_mRNA1		None	None
GML003130	GML003130_mRNA1	PF11051.15	Partial	None
GML003131	GML003131_mRNA1	PF01704.25	Partial	None
GML003132	GML003132_mRNA1	PF03810.26,PF04095.23,PF17767.8,PF25758.2	Complete	None
GML003132	GML003132_mRNA2	PF03810.26,PF04095.23,PF17767.8,PF25758.2	Complete	Unchanged
GML003132	GML003132_mRNA3	PF04095.23,PF17767.8	Partial	Loss
GML003133	GML003133_mRNA1	PF03810.26,PF25758.2	Partial	None
GML003134	GML003134_mRNA1	PF00043.31,PF01239.29,PF01239.29,PF01239.29,PF01239.29,PF02798.27,PF04442.20,PF13409.13,PF13417.13,PF14497.12	Complete	None
GML003134	GML003134_mRNA2	PF00043.31,PF02798.27,PF13409.13,PF13417.13,PF14497.12	Partial	Loss,Truncated
GML003135	GML003135_mRNA1	PF02668.23	Partial	None
GML003136	GML003136_mRNA1	PF01793.24	Partial	None
GML003136	GML003136_mRNA2	PF01793.24	Partial	Unchanged
GML003137	GML003137_mRNA1	PF03169.21	Partial	None
GML003138	GML003138_mRNA1	PF00152.26	Partial	None
GML003139	GML003139_mRNA1	PF00043.31,PF02798.27,PF14497.12,PF22493.3	Complete	None
GML003139	GML003139_mRNA2	PF00043.31,PF02798.27,PF13409.13,PF14497.12	Complete	Gain,Loss
GML003140	GML003140_mRNA1	PF22493.3	Partial	None
GML003141	GML003141_mRNA1	PF08772.17,PF17146.11	Complete	None
GML003142	GML003142_mRNA1	PF12763.14	Complete	None
GML003143	GML003143_mRNA1	PF11496.15	Partial	None
GML003144	GML003144_mRNA1	PF04193.20,PF04193.20	Complete	None
GML003145	GML003145_mRNA1	PF03999.18	Complete	None
GML003145	GML003145_mRNA2	PF03999.18	Partial	Truncated
GML003146	GML003146_mRNA1	PF01926.30	Complete	None
GML003147	GML003147_mRNA1	PF00025.28,PF00071.29,PF01926.30,PF04670.19,PF08477.20,PF09439.17	Partial	None
GML003148	GML003148_mRNA1	PF00743.26,PF00743.26,PF07992.21,PF13450.13,PF13454.13,PF13738.13	Partial	None
GML003149	GML003149_mRNA1	PF01636.30	Complete	None
GML003149	GML003149_mRNA2		None	Loss
GML003150	GML003150_mRNA1	PF01636.30	Partial	None
GML003150	GML003150_mRNA2	PF01636.30	Partial	Unchanged
GML003151	GML003151_mRNA1	PF04628.20	Partial	None
GML003152	GML003152_mRNA1		None	None
GML003153	GML003153_mRNA1	PF06179.18,PF28296.1	Complete	None
GML003154	GML003154_mRNA1	PF00085.27,PF06201.20,PF13098.14	Partial	None
GML003155	GML003155_mRNA1	PF07766.20	Partial	None
GML003155	GML003155_mRNA2	PF07766.20	Partial	Unchanged
GML003156	GML003156_mRNA1	PF00692.25,PF22769.2	Complete	None
GML003156	GML003156_mRNA2	PF00692.25,PF22769.2	Partial	Truncated
GML003157	GML003157_mRNA1	PF11600.15,PF12253.14,PF21796.5	Complete	None
GML003157	GML003157_mRNA2	PF11600.15,PF12253.14,PF21796.5	Complete	Unchanged
GML003158	GML003158_mRNA1		None	None
GML003159	GML003159_mRNA1	PF09494.17	Partial	None
GML003160	GML003160_mRNA1		None	None
GML003161	GML003161_mRNA1	PF02373.29,PF02375.24,PF13771.13,PF13832.13	Complete	None
GML003162	GML003162_mRNA1	PF03215.22,PF25812.2	Complete	None
GML003162	GML003162_mRNA2	PF03215.22,PF25812.2	Complete	Unchanged
GML003162	GML003162_mRNA3	PF03215.22,PF25812.2	Complete	Unchanged
GML003162	GML003162_mRNA4	PF03215.22,PF25812.2	Complete	Unchanged
GML003163	GML003163_mRNA1	PF00085.27,PF00462.31	Complete	None
GML003164	GML003164_mRNA1		None	None
GML003164	GML003164_mRNA2		None	Unchanged
GML003164	GML003164_mRNA3		None	Unchanged
GML003165	GML003165_mRNA1		None	None
GML003166	GML003166_mRNA1	PF13664.12	Partial	None
GML003167	GML003167_mRNA1	PF00488.28,PF01624.26,PF05188.24,PF05190.24,PF05192.24	Complete	None
GML003168	GML003168_mRNA1		None	None
GML003169	GML003169_mRNA1	PF00483.30,PF25087.2	Complete	None
GML003169	GML003169_mRNA2	PF00483.30,PF25087.2	Complete	Unchanged
GML003170	GML003170_mRNA1	PF28843.1	Complete	None
GML003171	GML003171_mRNA1	PF00023.37,PF00023.37,PF00023.37,PF00023.37,PF01529.26,PF12796.14,PF12796.14,PF12796.14,PF13606.13,PF13637.13,PF13637.13	Complete	None
GML003172	GML003172_mRNA1	PF13430.12	Partial	None
GML003173	GML003173_mRNA1		None	None
GML003174	GML003174_mRNA1		None	None
GML003175	GML003175_mRNA1	PF00254.35	Partial	None
GML003176	GML003176_mRNA1		None	None
GML003177	GML003177_mRNA1		None	None
GML003178	GML003178_mRNA1	PF00004.36,PF00004.36,PF07726.18,PF07728.21,PF07728.21,PF07728.21,PF07728.21,PF07728.21,PF07728.21,PF07728.21,PF07728.21,PF12775.14,PF17865.8,PF17867.8,PF17867.8,PF17867.8,PF21108.4	Complete	None
GML003179	GML003179_mRNA1	PF07228.18,PF13672.12	Partial	None
GML003180	GML003180_mRNA1	PF00275.26,PF01202.29,PF01487.23,PF01488.27,PF01761.27,PF08501.17,PF18317.7,PF24621.3	Complete	None
GML003181	GML003181_mRNA1	PF01743.27,PF12627.13	Complete	None
GML003182	GML003182_mRNA1	PF00169.36,PF01412.24,PF16746.11	Complete	None
GML003183	GML003183_mRNA1	PF06391.19,PF17121.12	Partial	None
GML003184	GML003184_mRNA1		None	None
GML003185	GML003185_mRNA1	PF08617.16	Partial	None
GML003186	GML003186_mRNA1	PF00752.24,PF00867.24,PF01285.25	Complete	None
GML003186	GML003186_mRNA2	PF00752.24,PF00867.24	Partial	Loss,Truncated
GML003187	GML003187_mRNA1	PF00069.32,PF03109.23,PF07714.24	Partial	None
GML003187	GML003187_mRNA2	PF00069.32,PF03109.23,PF07714.24	Partial	Unchanged
GML003188	GML003188_mRNA1	PF08620.16,PF08621.16	Complete	None
GML003188	GML003188_mRNA2	PF08620.16,PF08621.16	Complete	Unchanged
GML003188	GML003188_mRNA3	PF08620.16,PF08621.16	Complete	Unchanged
GML003189	GML003189_mRNA1		None	None
GML003190	GML003190_mRNA1	PF07774.20	Partial	None
GML003191	GML003191_mRNA1	PF07774.20	Partial	None
GML003192	GML003192_mRNA1	PF00172.24	Partial	None
GML003192	GML003192_mRNA2	PF00172.24	Partial	Unchanged
GML003192	GML003192_mRNA3	PF00172.24	Partial	Unchanged
GML003193	GML003193_mRNA1	PF04032.23	Partial	None
GML003193	GML003193_mRNA2	PF04032.23	Partial	Unchanged
GML003194	GML003194_mRNA1	PF06398.18	Partial	None
GML003195	GML003195_mRNA1	PF02146.24,PF02146.24	Partial	None
GML003196	GML003196_mRNA1		None	None
GML003197	GML003197_mRNA1	PF00069.32,PF07714.24,PF08587.18,PF14531.13,PF16579.12	Complete	None
GML003198	GML003198_mRNA1	PF01480.23	Partial	None
GML003199	GML003199_mRNA1	PF04146.22	Partial	None
GML003200	GML003200_mRNA1	PF03232.20	Partial	None
GML003201	GML003201_mRNA1	PF03800.21,PF18595.7	Complete	None
GML003201	GML003201_mRNA2	PF03800.21,PF18595.7	Complete	Unchanged
GML003202	GML003202_mRNA1	PF00083.31,PF06609.19,PF07690.22	Partial	None
GML003203	GML003203_mRNA1	PF11710.15,PF11970.15	Complete	None
GML003204	GML003204_mRNA1	PF00324.28,PF13520.13	Partial	None
GML003205	GML003205_mRNA1	PF04739.21,PF16561.12	Complete	None
GML003206	GML003206_mRNA1	PF02116.21,PF03162.19,PF13350.12	Complete	None
GML003206	GML003206_mRNA2	PF03162.19,PF13350.12	Partial	Loss,Truncated
GML003207	GML003207_mRNA1	PF10315.15	Partial	None
GML003208	GML003208_mRNA1	PF00125.31,PF15715.12	Partial	None
GML003209	GML003209_mRNA1	PF00808.30,PF02969.24,PF15511.13	Partial	None
GML003210	GML003210_mRNA1	PF01793.24,PF01793.24	Partial	None
GML003211	GML003211_mRNA1	PF08598.17	Partial	None
GML003211	GML003211_mRNA2	PF08598.17	Partial	Unchanged
GML003212	GML003212_mRNA1	PF00583.32	Partial	None
GML003213	GML003213_mRNA1	PF00583.32,PF09337.17,PF17921.8	Complete	None
GML003214	GML003214_mRNA1	PF00117.35,PF00185.31,PF00988.29,PF02142.28,PF02222.28,PF02729.27,PF02786.23,PF02786.23,PF02787.27,PF07478.19,PF07478.19,PF25596.2,PF25596.2	Complete	None
GML003214	GML003214_mRNA2	PF00117.35,PF00185.31,PF00988.29,PF02142.28,PF02729.27,PF02786.23,PF02786.23,PF02787.27,PF07478.19,PF25596.2,PF25596.2	Complete	Loss
GML003215	GML003215_mRNA1	PF00083.31,PF07690.22	Partial	None
GML003216	GML003216_mRNA1	PF02386.23	Partial	None
GML003217	GML003217_mRNA1	PF04427.24	Partial	None
GML003218	GML003218_mRNA1	PF30736.1	Partial	None
GML003219	GML003219_mRNA1	PF14663.12,PF14664.12,PF14666.12	Complete	None
GML003219	GML003219_mRNA2	PF14663.12,PF14664.12,PF14666.12	Complete	Unchanged
GML003220	GML003220_mRNA1		None	None
GML003221	GML003221_mRNA1		None	None
GML003221	GML003221_mRNA2		None	Unchanged
GML003222	GML003222_mRNA1	PF04729.20	Partial	None
GML003223	GML003223_mRNA1		None	None
GML003224	GML003224_mRNA1	PF03547.24,PF03547.24	Partial	None
GML003225	GML003225_mRNA1	PF00071.29,PF08477.20	Partial	None
GML003226	GML003226_mRNA1	PF01266.31	Partial	None
GML003226	GML003226_mRNA2	PF01266.31	Partial	Unchanged
GML003227	GML003227_mRNA1	PF01150.24	Partial	None
GML003228	GML003228_mRNA1	PF10607.15	Partial	None
GML003229	GML003229_mRNA1	PF00443.36,PF10354.16	Complete	None
GML003229	GML003229_mRNA2	PF00443.36	Partial	Loss
GML003230	GML003230_mRNA1	PF10354.16	Partial	None
GML003231	GML003231_mRNA1	PF00076.29,PF00076.29,PF00076.29	Complete	None
GML003232	GML003232_mRNA1	PF02475.24	Partial	None
GML003233	GML003233_mRNA1	PF00096.33,PF00096.33,PF12874.14,PF13894.13,PF13912.13	Complete	None
GML003234	GML003234_mRNA1	PF01103.30	Partial	None
GML003235	GML003235_mRNA1	PF04127.23	Partial	None
GML003236	GML003236_mRNA1	PF00160.27	Partial	None
GML003237	GML003237_mRNA1	PF00134.29	Partial	None
GML003238	GML003238_mRNA1	PF03798.22	Partial	None
GML003239	GML003239_mRNA1	PF01490.25	Partial	None
GML003240	GML003240_mRNA1	PF09415.17	Partial	None
GML003241	GML003241_mRNA1	PF05502.19	Partial	None
GML003242	GML003242_mRNA1		None	None
GML003243	GML003243_mRNA1	PF16561.12	Partial	None
GML003244	GML003244_mRNA1	PF02460.25,PF12349.15,PF16414.12,PF16414.12,PF22314.3	Complete	None
GML003244	GML003244_mRNA2		None	Loss
GML003245	GML003245_mRNA1	PF00383.30,PF14437.13	Complete	None
GML003245	GML003245_mRNA2	PF00383.30,PF14437.13	Complete	Unchanged
GML003246	GML003246_mRNA1	PF01557.24	Partial	None
GML003247	GML003247_mRNA1	PF03239.21	Partial	None
GML003248	GML003248_mRNA1	PF03639.20,PF17652.8	Complete	None
GML003249	GML003249_mRNA1		None	None
GML003250	GML003250_mRNA1	PF00439.31	Complete	None
GML003250	GML003250_mRNA2	PF00439.31	Complete	Unchanged
GML003251	GML003251_mRNA1		None	None
GML003252	GML003252_mRNA1	PF00152.26,PF01336.32	Partial	None
GML003252	GML003252_mRNA2	PF00152.26,PF01336.32	Partial	Unchanged
GML003253	GML003253_mRNA1	PF02811.27	Partial	None
GML003253	GML003253_mRNA2	PF02811.27	Partial	Unchanged
GML003254	GML003254_mRNA1	PF00587.31,PF03129.26,PF04073.21,PF09180.17	Complete	None
GML003255	GML003255_mRNA1	PF00152.26,PF00206.26,PF01336.32,PF14698.12,PF20917.3	Complete	None
GML003255	GML003255_mRNA2	PF00206.26,PF14698.12	Complete	Loss
GML003256	GML003256_mRNA1		None	None
GML003257	GML003257_mRNA1		None	None
GML003258	GML003258_mRNA1		None	None
GML003259	GML003259_mRNA1	PF06246.18,PF08159.18,PF23097.2,PF23098.2	Complete	None
GML003259	GML003259_mRNA2	PF08159.18,PF23097.2,PF23098.2	Complete	Loss
GML003260	GML003260_mRNA1	PF06246.18	Partial	None
GML003261	GML003261_mRNA1	PF00857.27	Partial	None
GML003262	GML003262_mRNA1	PF04488.22	Partial	None
GML003263	GML003263_mRNA1		None	None
GML003264	GML003264_mRNA1	PF00270.36,PF00271.38	Complete	None
GML003265	GML003265_mRNA1		None	None
GML003266	GML003266_mRNA1	PF01513.27,PF20143.5	Complete	None
GML003267	GML003267_mRNA1	PF01150.24	Partial	None
GML003268	GML003268_mRNA1		None	None
GML003269	GML003269_mRNA1	PF10380.15	Complete	None
GML003270	GML003270_mRNA1	PF00628.36,PF07500.20,PF07744.20,PF20826.3	Complete	None
GML003271	GML003271_mRNA1	PF08605.17	Complete	None
GML003272	GML003272_mRNA1	PF01619.25	Partial	None
GML003273	GML003273_mRNA1	PF14611.14,PF20778.4	Complete	None
GML003274	GML003274_mRNA1		None	None
GML003275	GML003275_mRNA1	PF03109.23	Partial	None
GML003275	GML003275_mRNA2	PF03109.23	Partial	Unchanged
GML003276	GML003276_mRNA1	PF00172.24	Complete	None
GML003277	GML003277_mRNA1		None	None
GML003278	GML003278_mRNA1	PF09402.17,PF12949.14	Partial	None
GML003278	GML003278_mRNA2	PF09402.17,PF12949.14	Partial	Unchanged
GML003278	GML003278_mRNA3	PF09402.17,PF12949.14	Partial	Unchanged
GML003279	GML003279_mRNA1	PF05773.28	Partial	None
GML003280	GML003280_mRNA1	PF00018.35,PF07653.24,PF14604.13	Partial	None
GML003281	GML003281_mRNA1		None	None
GML003282	GML003282_mRNA1		None	None
GML003283	GML003283_mRNA1	PF00160.27	Partial	None
GML003284	GML003284_mRNA1	PF08534.17	Partial	None
GML003285	GML003285_mRNA1	PF09794.15,PF09804.15,PF30361.1,PF30361.1	Complete	None
GML003285	GML003285_mRNA2	PF09794.15,PF09804.15,PF30361.1,PF30361.1	Complete	Unchanged
GML003285	GML003285_mRNA3	PF09794.15,PF09804.15	Partial	Loss
GML003286	GML003286_mRNA1	PF30361.1,PF30361.1	Partial	None
GML003287	GML003287_mRNA1	PF00005.34,PF00005.34,PF00664.29,PF00664.29,PF24357.2	Complete	None
GML003288	GML003288_mRNA1	PF00995.29	Partial	None
GML003289	GML003289_mRNA1	PF08449.18,PF16913.12	Partial	None
GML003289	GML003289_mRNA2	PF03151.23,PF08449.18,PF16913.12	Partial	Gain
GML003289	GML003289_mRNA3	PF08449.18,PF16913.12	Partial	Unchanged
GML003290	GML003290_mRNA1	PF00026.29	Partial	None
GML003290	GML003290_mRNA2	PF00026.29	Partial	Unchanged
GML003291	GML003291_mRNA1		None	None
GML003292	GML003292_mRNA1	PF00072.31,PF00512.32,PF02518.32	Complete	None
GML003293	GML003293_mRNA1	PF00326.28,PF00930.28	Complete	None
GML003294	GML003294_mRNA1	PF00838.25	Partial	None
GML003295	GML003295_mRNA1	PF05206.21,PF05253.19,PF11722.14	Complete	None
GML003296	GML003296_mRNA1	PF09073.16	Partial	None
GML003296	GML003296_mRNA2	PF09073.16	Partial	Unchanged
GML003297	GML003297_mRNA1	PF12999.13,PF13015.13	Complete	None
GML003298	GML003298_mRNA1		None	None
GML003299	GML003299_mRNA1	PF00106.32,PF13561.13	Partial	None
GML003300	GML003300_mRNA1		None	None
GML003301	GML003301_mRNA1		None	None
GML003302	GML003302_mRNA1	PF00443.36	Partial	None
GML003303	GML003303_mRNA1		None	None
GML003303	GML003303_mRNA2		None	Unchanged
GML003304	GML003304_mRNA1	PF08512.19,PF18215.9,PF18469.8	Complete	None
GML003305	GML003305_mRNA1		None	None
GML003306	GML003306_mRNA1	PF00155.28	Partial	None
GML003307	GML003307_mRNA1	PF00787.30,PF05739.27	Complete	None
GML003308	GML003308_mRNA1	PF10329.15	Partial	None
GML003309	GML003309_mRNA1	PF13639.13,PF17123.12	Complete	None
GML003309	GML003309_mRNA2		None	Loss
GML003310	GML003310_mRNA1	PF00498.32,PF13639.13,PF17123.12	Complete	None
GML003311	GML003311_mRNA1	PF00083.31,PF00083.31,PF07690.22	Partial	None
GML003312	GML003312_mRNA1	PF04082.24	Partial	None
GML003313	GML003313_mRNA1	PF00172.24,PF11951.14	Partial	None
GML003314	GML003314_mRNA1	PF00300.28,PF00583.32,PF13508.14	Partial	None
GML003315	GML003315_mRNA1	PF00122.26,PF00689.27,PF00690.32,PF00702.33,PF08282.19,PF13246.13	Complete	None
GML003316	GML003316_mRNA1	PF09797.16,PF31234.1	Partial	None
GML003317	GML003317_mRNA1		None	None
GML003318	GML003318_mRNA1	PF29160.1	Partial	None
GML003319	GML003319_mRNA1	PF25372.2,PF29120.1	Partial	None
GML003319	GML003319_mRNA2	PF25372.2	Partial	Loss
GML003320	GML003320_mRNA1	PF00339.35,PF02752.28	Complete	None
GML003321	GML003321_mRNA1	PF05739.27	Complete	None
GML003322	GML003322_mRNA1	PF06687.18	Partial	None
GML003323	GML003323_mRNA1	PF00118.30,PF01363.28,PF01504.25,PF01504.25	Complete	None
GML003324	GML003324_mRNA1	PF05719.17	Partial	None
GML003325	GML003325_mRNA1	PF00704.35	Partial	None
GML003325	GML003325_mRNA2	PF00704.35	Partial	Unchanged
GML003326	GML003326_mRNA1	PF00443.36,PF00627.38,PF00627.38,PF02148.26,PF13423.13,PF17807.8,PF22562.3,PF22562.3	Complete	None
GML003327	GML003327_mRNA1	PF00793.27	Partial	None
GML003328	GML003328_mRNA1	PF00324.28,PF13520.13	Partial	None
GML003329	GML003329_mRNA1	PF01554.24,PF01554.24	Complete	None
GML003330	GML003330_mRNA1	PF03663.21	Partial	None
GML003331	GML003331_mRNA1	PF00702.33,PF13242.13,PF13419.13	Complete	None
GML003332	GML003332_mRNA1	PF00172.24,PF11951.14	Partial	None
GML003333	GML003333_mRNA1	PF00928.27	Partial	None
GML003334	GML003334_mRNA1	PF01329.25	Partial	None
GML003335	GML003335_mRNA1	PF23664.2,PF24097.2,PF24312.2,PF24519.2,PF24527.2	Complete	None
GML003336	GML003336_mRNA1	PF00270.36,PF00271.38,PF04408.30,PF07717.23,PF13401.13,PF21010.3	Complete	None
GML003337	GML003337_mRNA1	PF00957.28	Complete	None
GML003338	GML003338_mRNA1	PF00125.31,PF00808.30,PF15511.13	Partial	None
GML003339	GML003339_mRNA1	PF00097.32,PF00176.30,PF00271.38,PF01853.26,PF08797.17,PF13639.13	Complete	None
GML003339	GML003339_mRNA2	PF00097.32,PF00176.30,PF00271.38,PF01853.26,PF08797.17,PF13639.13	Complete	Unchanged
GML003339	GML003339_mRNA3	PF00097.32,PF00176.30,PF00271.38,PF01853.26,PF08797.17,PF13639.13	Complete	Unchanged
GML003340	GML003340_mRNA1		None	None
GML003341	GML003341_mRNA1	PF01566.26,PF01566.26	Partial	None
GML003341	GML003341_mRNA2	PF01566.26	Partial	Unchanged
GML003342	GML003342_mRNA1	PF23868.2	Partial	None
GML003343	GML003343_mRNA1	PF01106.23,PF08712.17	Complete	None
GML003344	GML003344_mRNA1	PF01115.23,PF01384.26	Complete	None
GML003344	GML003344_mRNA2	PF01384.26	Partial	Loss
GML003345	GML003345_mRNA1	PF01115.23	Partial	None
GML003346	GML003346_mRNA1	PF17084.12	Partial	None
GML003346	GML003346_mRNA2	PF17084.12	Partial	Unchanged
GML003347	GML003347_mRNA1		None	None
GML003348	GML003348_mRNA1	PF01086.23	Partial	None
GML003349	GML003349_mRNA1	PF00400.39,PF00400.39,PF00400.39,PF00400.39,PF00400.39	Complete	None
GML003349	GML003349_mRNA2	PF00400.39,PF00400.39,PF00400.39,PF00400.39,PF00400.39	Complete	Unchanged
GML003350	GML003350_mRNA1	PF00270.36,PF00271.38,PF08612.17,PF13959.12	Complete	None
GML003350	GML003350_mRNA2	PF00270.36,PF00271.38,PF13959.12	Complete	Loss,Truncated
GML003351	GML003351_mRNA1	PF05132.20	Complete	None
GML003352	GML003352_mRNA1	PF09368.16	Complete	None
GML003353	GML003353_mRNA1	PF00118.30	Partial	None
GML003354	GML003354_mRNA1	PF07065.20	Partial	None
GML003355	GML003355_mRNA1	PF08450.19	Partial	None
GML003356	GML003356_mRNA1	PF04438.23,PF18268.8	Partial	None
GML003357	GML003357_mRNA1		None	None
GML003357	GML003357_mRNA2		None	Unchanged
GML003358	GML003358_mRNA1		None	None
GML003359	GML003359_mRNA1	PF00172.24,PF04082.24	Complete	None
GML003360	GML003360_mRNA1	PF00096.33,PF00096.33	Partial	None
GML003361	GML003361_mRNA1		None	None
GML003362	GML003362_mRNA1	PF09649.16	Complete	None
GML003363	GML003363_mRNA1	PF01423.29	Partial	None
GML003364	GML003364_mRNA1	PF00025.28,PF00071.29,PF01926.30,PF08477.20	Partial	None
GML003365	GML003365_mRNA1	PF00557.30,PF08512.19,PF08644.18,PF14826.13,PF21091.3,PF24824.2	Complete	None
GML003366	GML003366_mRNA1	PF04104.20,PF26466.1	Complete	None
GML003367	GML003367_mRNA1		None	None
GML003367	GML003367_mRNA2		None	Unchanged
GML003368	GML003368_mRNA1	PF00860.27	Partial	None
GML003369	GML003369_mRNA1	PF04991.21	Complete	None
GML003370	GML003370_mRNA1	PF00010.32	Complete	None
GML003371	GML003371_mRNA1	PF00205.29,PF02775.27,PF02776.24	Complete	None
GML003372	GML003372_mRNA1	PF00005.34,PF00664.29	Complete	None
GML003372	GML003372_mRNA2	PF00005.34,PF00664.29	Complete	Unchanged
GML003373	GML003373_mRNA1	PF01433.27,PF11838.15,PF17900.7	Partial	None
GML003374	GML003374_mRNA1		None	None
GML003375	GML003375_mRNA1	PF00069.32,PF07714.24,PF17667.8	Partial	None
GML003375	GML003375_mRNA2	PF00069.32,PF07714.24,PF17667.8	Partial	Unchanged
GML003376	GML003376_mRNA1	PF01416.26	Complete	None
GML003376	GML003376_mRNA2	PF01416.26	Complete	Unchanged
GML003377	GML003377_mRNA1	PF03657.21,PF17833.8	Partial	None
GML003378	GML003378_mRNA1	PF10236.16	Partial	None
GML003379	GML003379_mRNA1	PF00270.36,PF00271.38,PF04851.22	Complete	None
GML003380	GML003380_mRNA1	PF00293.35	Complete	None
GML003380	GML003380_mRNA2	PF00293.35	Partial	Truncated
GML003381	GML003381_mRNA1	PF02731.21,PF03009.24	Complete	None
GML003381	GML003381_mRNA2	PF02731.21,PF03009.24	Complete	Unchanged
GML003381	GML003381_mRNA3	PF03009.24	Partial	Loss
GML003382	GML003382_mRNA1	PF02731.21	Partial	None
GML003383	GML003383_mRNA1	PF02791.23,PF10537.15,PF15613.12	Complete	None
GML003384	GML003384_mRNA1		None	None
GML003385	GML003385_mRNA1	PF00107.33,PF08240.18	Partial	None
GML003386	GML003386_mRNA1	PF03981.18	Partial	None
GML003387	GML003387_mRNA1		None	None
GML003388	GML003388_mRNA1	PF07690.22	Partial	None
GML003389	GML003389_mRNA1	PF08492.18	Complete	None
GML003390	GML003390_mRNA1		None	None
GML003391	GML003391_mRNA1	PF01571.27,PF08669.18	Complete	None
GML003392	GML003392_mRNA1	PF00454.34,PF02260.26,PF11640.14	Complete	None
GML003393	GML003393_mRNA1		None	None
GML003394	GML003394_mRNA1	PF00076.29,PF00076.29,PF10567.16	Complete	None
GML003395	GML003395_mRNA1	PF09753.15	Partial	None
GML003396	GML003396_mRNA1	PF01822.25	Partial	None
GML003396	GML003396_mRNA2	PF01822.25	Partial	Unchanged
GML003397	GML003397_mRNA1		None	None
GML003397	GML003397_mRNA2		None	Unchanged
GML003397	GML003397_mRNA3		None	Unchanged
GML003398	GML003398_mRNA1	PF27934.1	Partial	None
GML003399	GML003399_mRNA1	PF00238.25	Partial	None
GML003400	GML003400_mRNA1	PF00169.36,PF20399.5,PF20400.4	Complete	None
GML003401	GML003401_mRNA1	PF00097.32,PF13445.13,PF13639.13,PF13923.13	Partial	None
GML003402	GML003402_mRNA1	PF01027.27	Partial	None
GML003403	GML003403_mRNA1	PF00004.36,PF16450.12,PF17862.8	Complete	None
GML003403	GML003403_mRNA2	PF00004.36,PF16450.12,PF17862.8	Complete	Truncated
GML003404	GML003404_mRNA1	PF00085.27	Partial	None
GML003405	GML003405_mRNA1	PF00806.26,PF00806.26,PF08144.18	Complete	None
GML003406	GML003406_mRNA1	PF05071.22	Partial	None
GML003407	GML003407_mRNA1	PF00787.30	Partial	None
GML003408	GML003408_mRNA1	PF00070.34,PF07992.21,PF13738.13	Complete	None
GML003408	GML003408_mRNA2	PF00070.34,PF07992.21,PF13738.13	Complete	Unchanged
GML003409	GML003409_mRNA1	PF05739.27,PF14523.13	Complete	None
GML003409	GML003409_mRNA2	PF05739.27,PF14523.13	Complete	Unchanged
GML003410	GML003410_mRNA1	PF00400.39,PF07569.17,PF09453.16	Complete	None
GML003411	GML003411_mRNA1		None	None
GML003412	GML003412_mRNA1	PF00579.32	Partial	None
GML003412	GML003412_mRNA2	PF00579.32	Partial	Unchanged
GML003413	GML003413_mRNA1	PF25823.2	Partial	None
GML003414	GML003414_mRNA1	PF01048.27	Partial	None
GML003415	GML003415_mRNA1	PF00400.39,PF00400.39,PF00400.39	Complete	None
GML003416	GML003416_mRNA1		None	None
GML003417	GML003417_mRNA1	PF25995.1	Partial	None
GML003418	GML003418_mRNA1	PF00025.28,PF00071.29,PF01926.30,PF08477.20	Partial	None
GML003419	GML003419_mRNA1	PF13410.12	Complete	None
GML003420	GML003420_mRNA1		None	None
GML003421	GML003421_mRNA1	PF00493.30,PF01078.28,PF14551.12,PF17207.10,PF17855.8,PF18263.8	Complete	None
GML003422	GML003422_mRNA1	PF00172.24,PF00578.28,PF04082.24,PF08534.17,PF10417.15	Complete	None
GML003422	GML003422_mRNA2	PF00578.28,PF08534.17,PF10417.15	Complete	Loss,Truncated
GML003423	GML003423_mRNA1	PF00154.28,PF08423.18,PF13481.13	Partial	None
GML003424	GML003424_mRNA1	PF12341.15,PF20946.3	Complete	None
GML003425	GML003425_mRNA1		None	None
GML003426	GML003426_mRNA1	PF00583.32,PF08445.17	Partial	None
GML003427	GML003427_mRNA1	PF05004.20	Partial	None
GML003428	GML003428_mRNA1	PF00702.33,PF13419.13	Partial	None
GML003428	GML003428_mRNA2	PF00702.33,PF13419.13	Partial	Unchanged
GML003428	GML003428_mRNA3	PF00702.33,PF13419.13	Partial	Unchanged
GML003429	GML003429_mRNA1	PF06687.18	Partial	None
GML003430	GML003430_mRNA1	PF02668.23	Partial	None
GML003430	GML003430_mRNA2	PF02668.23	Partial	Unchanged
GML003431	GML003431_mRNA1		None	None
GML003432	GML003432_mRNA1	PF00756.27,PF01764.32,PF04163.17	Complete	None
GML003432	GML003432_mRNA2	PF00756.27,PF01764.32,PF04163.17	Complete	Unchanged
GML003432	GML003432_mRNA3	PF00756.27,PF01764.32	Partial	Loss,Truncated
GML003433	GML003433_mRNA1		None	None
GML003434	GML003434_mRNA1	PF00687.27	Partial	None
GML003434	GML003434_mRNA2	PF00687.27	Partial	Unchanged
GML003435	GML003435_mRNA1		None	None
GML003436	GML003436_mRNA1	PF00447.24	Partial	None
GML003436	GML003436_mRNA2	PF00447.24	Partial	Unchanged
GML003437	GML003437_mRNA1	PF00649.24	Partial	None
GML003437	GML003437_mRNA2	PF00649.24	Partial	Unchanged
GML003438	GML003438_mRNA1	PF01411.25,PF02272.25,PF07973.20,PF26023.1	Complete	None
GML003438	GML003438_mRNA2	PF01411.25,PF02272.25,PF07973.20,PF26023.1	Complete	Unchanged
GML003439	GML003439_mRNA1	PF00994.30,PF24102.2	Complete	None
GML003439	GML003439_mRNA2	PF00994.30,PF24102.2	Complete	Unchanged
GML003440	GML003440_mRNA1	PF00149.34,PF16891.11	Complete	None
GML003441	GML003441_mRNA1	PF00005.34,PF00005.34,PF01061.30,PF01061.30,PF06422.19,PF06422.19,PF12698.14,PF14510.12,PF19055.7	Complete	None
GML003442	GML003442_mRNA1	PF08613.17	Partial	None
GML003443	GML003443_mRNA1	PF10382.15	Partial	None
GML003443	GML003443_mRNA2	PF10382.15	Partial	Unchanged
GML003444	GML003444_mRNA1	PF00673.27	Complete	None
GML003445	GML003445_mRNA1	PF07817.20	Partial	None
GML003446	GML003446_mRNA1	PF20168.5	Partial	None
GML003447	GML003447_mRNA1	PF00069.32,PF07714.24	Partial	None
GML003448	GML003448_mRNA1		None	None
GML003449	GML003449_mRNA1	PF01422.23,PF01422.23,PF01424.29	Complete	None
GML003450	GML003450_mRNA1	PF04900.19,PF24779.2	Complete	None
GML003451	GML003451_mRNA1		None	None
GML003452	GML003452_mRNA1	PF03130.23,PF03130.23,PF13646.13,PF13646.13	Complete	None
GML003453	GML003453_mRNA1	PF00118.30	Partial	None
GML003454	GML003454_mRNA1	PF00022.27,PF00454.34,PF02259.30,PF02260.26,PF08771.17,PF11865.15,PF23593.2	Complete	None
GML003454	GML003454_mRNA2	PF00022.27,PF00454.34,PF02259.30,PF02260.26,PF08771.17,PF11865.15,PF23593.2	Complete	Unchanged
GML003454	GML003454_mRNA3	PF00454.34,PF02259.30,PF02260.26,PF08771.17,PF11865.15,PF23593.2	Complete	Loss
GML003455	GML003455_mRNA1	PF01137.27,PF05189.19	Complete	None
GML003456	GML003456_mRNA1	PF05236.21	Partial	None
GML003456	GML003456_mRNA2	PF05236.21	Partial	Unchanged
GML003457	GML003457_mRNA1	PF03062.25,PF12717.14,PF12922.14	Complete	None
GML003457	GML003457_mRNA2	PF03062.25,PF12717.14,PF12922.14	Complete	Unchanged
GML003457	GML003457_mRNA3	PF12717.14,PF12922.14	Complete	Loss
GML003458	GML003458_mRNA1	PF03062.25	Partial	None
GML003459	GML003459_mRNA1	PF00762.25	Partial	None
GML003460	GML003460_mRNA1	PF10018.15	Partial	None
GML003460	GML003460_mRNA2	PF10018.15	Partial	Unchanged
GML003461	GML003461_mRNA1	PF01585.29,PF13821.12	Complete	None
GML003462	GML003462_mRNA1	PF00076.29,PF00076.29,PF00076.29	Complete	None
GML003463	GML003463_mRNA1		None	None
GML003464	GML003464_mRNA1	PF05821.17	Partial	None
GML003465	GML003465_mRNA1	PF00176.30,PF00270.36,PF00271.38,PF03179.21,PF04851.22,PF07529.19	Complete	None
GML003465	GML003465_mRNA2	PF00176.30,PF00270.36,PF00271.38,PF04851.22,PF07529.19	Complete	Loss
GML003466	GML003466_mRNA1	PF03179.21	Partial	None
GML003467	GML003467_mRNA1	PF00171.28,PF04910.21	Partial	None
GML003467	GML003467_mRNA2	PF00171.28	Partial	Loss
GML003468	GML003468_mRNA1	PF01172.25	Partial	None
GML003469	GML003469_mRNA1	PF11765.14	Partial	None
GML003470	GML003470_mRNA1	PF00749.28,PF03950.24,PF18466.8,PF20974.3	Complete	None
GML003471	GML003471_mRNA1	PF02582.20	Complete	None
GML003472	GML003472_mRNA1	PF13638.13,PF21693.4	Complete	None
GML003473	GML003473_mRNA1	PF09302.17	Partial	None
GML003474	GML003474_mRNA1	PF00485.25,PF03308.23	Partial	None
GML003475	GML003475_mRNA1	PF01218.24	Partial	None
GML003476	GML003476_mRNA1	PF01544.24,PF01544.24	Complete	None
GML003477	GML003477_mRNA1	PF05178.18,PF12936.13,PF26001.2,PF27739.2,PF27739.2,PF27740.2	Complete	None
GML003477	GML003477_mRNA2	PF26001.2,PF27739.2,PF27739.2,PF27740.2	Complete	Loss
GML003478	GML003478_mRNA1	PF05178.18,PF12936.13	Complete	None
GML003479	GML003479_mRNA1		None	None
GML003479	GML003479_mRNA2		None	Unchanged
GML003480	GML003480_mRNA1	PF00076.29,PF12220.15	Partial	None
GML003481	GML003481_mRNA1	PF00173.34	Partial	None
GML003482	GML003482_mRNA1	PF28871.1	Complete	None
GML003483	GML003483_mRNA1	PF00117.35	Partial	None
GML003484	GML003484_mRNA1	PF00043.31,PF02798.27,PF13409.13,PF13417.13	Complete	None
GML003485	GML003485_mRNA1	PF00107.33,PF01262.28,PF08240.18,PF13602.13	Partial	None
GML003485	GML003485_mRNA2	PF00107.33,PF01262.28,PF08240.18,PF13602.13	Partial	Unchanged
GML003486	GML003486_mRNA1	PF05670.19,PF05833.17,PF11923.14	Complete	None
GML003486	GML003486_mRNA2	PF05670.19,PF05833.17,PF11923.14	Complete	Unchanged
GML003487	GML003487_mRNA1	PF02146.24	Partial	None
GML003488	GML003488_mRNA1	PF11312.15	Partial	None
GML003489	GML003489_mRNA1	PF05277.19	Partial	None
GML003490	GML003490_mRNA1	PF03483.23,PF03484.22,PF17759.7,PF18262.8	Complete	None
GML003490	GML003490_mRNA2	PF03483.23,PF03484.22,PF17759.7,PF18262.8	Complete	Unchanged
GML003491	GML003491_mRNA1	PF00009.34,PF00025.28,PF00071.29,PF01926.30,PF04670.19,PF08477.20	Partial	None
GML003492	GML003492_mRNA1	PF04716.20	Partial	None
GML003493	GML003493_mRNA1		None	None
GML003494	GML003494_mRNA1		None	None
GML003495	GML003495_mRNA1		None	None
GML003496	GML003496_mRNA1		None	None
GML003497	GML003497_mRNA1	PF01545.27	Partial	None
GML003497	GML003497_mRNA2	PF01545.27	Partial	Unchanged
GML003498	GML003498_mRNA1	PF02535.29,PF02535.29,PF15365.12	Complete	None
GML003498	GML003498_mRNA2	PF02535.29,PF02535.29,PF15365.12	Complete	Unchanged
GML003498	GML003498_mRNA3	PF02535.29,PF02535.29,PF15365.12	Complete	Unchanged
GML003498	GML003498_mRNA4	PF15365.12	Complete	Loss
GML003498	GML003498_mRNA5	PF15365.12	Complete	Loss
GML003499	GML003499_mRNA1	PF14610.13	Partial	None
GML003500	GML003500_mRNA1	PF10568.16,PF11801.16	Partial	None
GML003501	GML003501_mRNA1	PF05843.21,PF23240.2	Partial	None
GML003501	GML003501_mRNA2	PF05843.21,PF23240.2	Partial	Unchanged
GML003502	GML003502_mRNA1		None	None
GML003503	GML003503_mRNA1	PF00398.27	Partial	None
GML003504	GML003504_mRNA1		None	None
GML003504	GML003504_mRNA2		None	Unchanged
GML003505	GML003505_mRNA1	PF00176.30,PF00271.38,PF00439.31,PF04851.22,PF07529.19,PF11496.15,PF14619.12	Complete	None
GML003506	GML003506_mRNA1		None	None
GML003506	GML003506_mRNA2		None	Unchanged
GML003506	GML003506_mRNA3		None	Unchanged
GML003507	GML003507_mRNA1	PF00735.25,PF01926.30	Partial	None
GML003508	GML003508_mRNA1		None	None
GML003509	GML003509_mRNA1		None	None
GML003510	GML003510_mRNA1	PF10333.15	Complete	None
GML003510	GML003510_mRNA2	PF10333.15	Partial	Truncated
GML003511	GML003511_mRNA1	PF04667.23	Partial	None
GML003512	GML003512_mRNA1	PF03987.21	Partial	None
GML003513	GML003513_mRNA1	PF27885.1,PF27886.1	Partial	None
GML003514	GML003514_mRNA1	PF07281.18	Partial	None
GML003515	GML003515_mRNA1	PF08325.17	Partial	None
GML003516	GML003516_mRNA1	PF02110.21,PF02581.24	Partial	None
GML003517	GML003517_mRNA1	PF00206.26,PF10415.15	Complete	None
GML003517	GML003517_mRNA2	PF00206.26,PF10415.15	Complete	Unchanged
GML003518	GML003518_mRNA1		None	None
GML003518	GML003518_mRNA2		None	Unchanged
GML003518	GML003518_mRNA3		None	Unchanged
GML003519	GML003519_mRNA1	PF03835.22,PF10403.15,PF10404.15,PF10405.16	Complete	None
GML003519	GML003519_mRNA2		None	Loss
GML003520	GML003520_mRNA1	PF03835.22,PF10403.15,PF10404.15,PF10405.16	Complete	None
GML003521	GML003521_mRNA1	PF04193.20,PF27584.1,PF27585.1,PF27595.1,PF27596.1,PF30849.1	Complete	None
GML003521	GML003521_mRNA2	PF04193.20,PF27584.1,PF27585.1,PF27595.1,PF27595.1,PF27596.1,PF30849.1	Complete	Unchanged
GML003522	GML003522_mRNA1		None	None
GML003522	GML003522_mRNA2		None	Unchanged
GML003523	GML003523_mRNA1	PF00083.31,PF07690.22	Partial	None
GML003524	GML003524_mRNA1		None	None
GML003525	GML003525_mRNA1	PF04388.19	Partial	None
GML003526	GML003526_mRNA1	PF01368.28,PF02366.25,PF02815.26,PF02833.20,PF16192.11	Complete	None
GML003527	GML003527_mRNA1	PF09814.15	Partial	None
GML003528	GML003528_mRNA1		None	None
GML003528	GML003528_mRNA2		None	Unchanged
GML003529	GML003529_mRNA1		None	None
GML003529	GML003529_mRNA2		None	Unchanged
GML003530	GML003530_mRNA1		None	None
GML003531	GML003531_mRNA1	PF00092.35,PF13519.13	Partial	None
GML003531	GML003531_mRNA2	PF00092.35,PF13519.13	Partial	Unchanged
GML003532	GML003532_mRNA1		None	None
GML003533	GML003533_mRNA1	PF00258.31,PF01077.28,PF03460.23	Complete	None
GML003534	GML003534_mRNA1	PF29060.1	Complete	None
GML003535	GML003535_mRNA1		None	None
GML003536	GML003536_mRNA1	PF00044.31,PF02800.27	Partial	None
GML003537	GML003537_mRNA1	PF02366.25,PF02815.26,PF16192.11	Complete	None
GML003538	GML003538_mRNA1	PF01521.27	Partial	None
GML003539	GML003539_mRNA1	PF02985.29,PF02985.29,PF22646.3,PF22646.3	Complete	None
GML003540	GML003540_mRNA1		None	None
GML003540	GML003540_mRNA2		None	Unchanged
GML003541	GML003541_mRNA1	PF00172.24	Partial	None
GML003542	GML003542_mRNA1		None	None
GML003543	GML003543_mRNA1		None	None
GML003543	GML003543_mRNA2		None	Unchanged
GML003543	GML003543_mRNA3		None	Unchanged
GML003543	GML003543_mRNA4		None	Unchanged
GML003544	GML003544_mRNA1	PF02735.23,PF03730.20,PF03731.22	Complete	None
GML003545	GML003545_mRNA1	PF01217.27	Partial	None
GML003546	GML003546_mRNA1	PF02223.24	Partial	None
GML003547	GML003547_mRNA1	PF08546.18	Partial	None
GML003548	GML003548_mRNA1	PF09769.15	Partial	None
GML003549	GML003549_mRNA1	PF01490.25	Partial	None
GML003550	GML003550_mRNA1	PF17056.11	Partial	None
GML003551	GML003551_mRNA1	PF01652.25	Partial	None
GML003552	GML003552_mRNA1		None	None
GML003552	GML003552_mRNA2		None	Unchanged
GML003552	GML003552_mRNA3	PF12146.16	Partial	Gain
GML003552	GML003552_mRNA4	PF12146.16	Partial	Gain
GML003553	GML003553_mRNA1	PF00400.39,PF00400.39,PF17120.12	Complete	None
GML003554	GML003554_mRNA1	PF05916.17	Partial	None
GML003555	GML003555_mRNA1		None	None
GML003556	GML003556_mRNA1	PF04824.22,PF04825.19	Complete	None
GML003557	GML003557_mRNA1	PF11214.14	Partial	None
GML003558	GML003558_mRNA1	PF02823.23,PF21334.3	Complete	None
GML003559	GML003559_mRNA1	PF18126.7	Partial	None
GML003560	GML003560_mRNA1	PF01423.29	Partial	None
GML003560	GML003560_mRNA2	PF01423.29	Partial	Unchanged
GML003561	GML003561_mRNA1	PF04511.21	Partial	None
GML003562	GML003562_mRNA1	PF01699.30,PF01699.30,PF03733.19	Complete	None
GML003563	GML003563_mRNA1	PF00128.32	Partial	None
GML003564	GML003564_mRNA1	PF00623.26,PF04983.24,PF04990.18,PF04992.20,PF04997.18,PF04998.23,PF05000.23,PF05001.19,PF05001.19,PF05001.19,PF05001.19,PF05001.19,PF05001.19,PF05001.19,PF05001.19,PF05001.19,PF05001.19,PF05001.19,PF05001.19,PF05001.19,PF05001.19,PF05001.19,PF05001.19,PF05001.19,PF05001.19,PF05001.19,PF05001.19,PF05001.19	Complete	None
GML003564	GML003564_mRNA2	PF00623.26,PF04983.24,PF04990.18,PF04992.20,PF04997.18,PF04998.23,PF05000.23,PF05001.19,PF05001.19,PF05001.19,PF05001.19,PF05001.19,PF05001.19,PF05001.19,PF05001.19,PF05001.19,PF05001.19,PF05001.19,PF05001.19,PF05001.19,PF05001.19,PF05001.19,PF05001.19,PF05001.19,PF05001.19,PF05001.19,PF05001.19	Complete	Truncated
GML003565	GML003565_mRNA1	PF08228.17	Partial	None
GML003566	GML003566_mRNA1	PF00004.36,PF08542.17	Complete	None
GML003566	GML003566_mRNA2	PF00004.36,PF08542.17	Complete	Unchanged
GML003567	GML003567_mRNA1	PF04129.19,PF20655.4,PF20655.4	Partial	None
GML003568	GML003568_mRNA1	PF00580.28,PF13245.13,PF13361.13,PF13538.13	Complete	None
GML003568	GML003568_mRNA2	PF00580.28,PF13245.13,PF13361.13,PF13538.13	Complete	Unchanged
GML003569	GML003569_mRNA1	PF00172.24	Complete	None
GML003570	GML003570_mRNA1	PF04818.20	Partial	None
GML003571	GML003571_mRNA1	PF12539.14	Complete	None
GML003572	GML003572_mRNA1	PF08790.18	Partial	None
GML003573	GML003573_mRNA1	PF14138.12	Partial	None
GML003574	GML003574_mRNA1	PF00288.33,PF00400.39,PF00400.39,PF00400.39,PF00400.39,PF00400.39,PF00400.39,PF00400.39,PF08581.16,PF12894.14,PF18376.7,PF22700.3	Complete	None
GML003574	GML003574_mRNA2	PF00288.33,PF18376.7,PF22700.3	Partial	Loss,Truncated
GML003575	GML003575_mRNA1	PF01066.27	Partial	None
GML003576	GML003576_mRNA1		None	None
GML003576	GML003576_mRNA2		None	Unchanged
GML003577	GML003577_mRNA1		None	None
GML003578	GML003578_mRNA1		None	None
GML003579	GML003579_mRNA1	PF00118.30	Partial	None
GML003580	GML003580_mRNA1	PF00697.29,PF04100.19,PF16854.12	Complete	None
GML003580	GML003580_mRNA2	PF00697.29,PF04100.19,PF16854.12	Complete	Unchanged
GML003580	GML003580_mRNA3	PF00697.29,PF04100.19,PF16854.12	Complete	Unchanged
GML003580	GML003580_mRNA4	PF00697.29	Partial	Loss,Truncated
GML003581	GML003581_mRNA1	PF01344.32,PF01344.32,PF07646.22,PF24681.2,PF24981.2	Complete	None
GML003581	GML003581_mRNA2	PF01344.32,PF01344.32,PF07646.22,PF24681.2,PF24981.2	Complete	Unchanged
GML003582	GML003582_mRNA1		None	None
GML003583	GML003583_mRNA1		None	None
GML003584	GML003584_mRNA1	PF00076.29,PF00076.29	Complete	None
GML003585	GML003585_mRNA1	PF00682.26,PF08502.16,PF22615.2	Complete	None
GML003586	GML003586_mRNA1	PF00572.25	Partial	None
GML003587	GML003587_mRNA1	PF00171.28	Partial	None
GML003588	GML003588_mRNA1	PF05057.22,PF06028.18,PF07819.20	Partial	None
GML003589	GML003589_mRNA1	PF01494.26,PF01494.26,PF08491.17	Partial	None
GML003590	GML003590_mRNA1	PF00956.24	Partial	None
GML003590	GML003590_mRNA2	PF00956.24	Partial	Unchanged
GML003591	GML003591_mRNA1	PF06870.18	Partial	None
GML003592	GML003592_mRNA1	PF00226.37,PF05207.19	Partial	None
GML003593	GML003593_mRNA1	PF02450.22	Partial	None
GML003594	GML003594_mRNA1		None	None
GML003594	GML003594_mRNA2		None	Unchanged
GML003595	GML003595_mRNA1	PF00004.36,PF01434.25,PF06480.21,PF08624.16,PF17862.8	Complete	None
GML003595	GML003595_mRNA2	PF08624.16	Partial	Loss,Truncated
GML003596	GML003596_mRNA1	PF29044.1	Partial	None
GML003597	GML003597_mRNA1	PF29044.1	Partial	None
GML003598	GML003598_mRNA1	PF00561.27,PF04083.23	Partial	None
GML003599	GML003599_mRNA1	PF00080.26	Partial	None
GML003600	GML003600_mRNA1	PF02656.21	Partial	None
GML003600	GML003600_mRNA2	PF02656.21	Partial	Unchanged
GML003601	GML003601_mRNA1	PF03169.21	Partial	None
GML003602	GML003602_mRNA1	PF01425.27	Partial	None
GML003603	GML003603_mRNA1	PF01223.30	Partial	None
GML003604	GML003604_mRNA1	PF00698.27,PF01575.26,PF08354.16,PF13452.12,PF16073.11,PF17828.7,PF17951.7,PF22235.2	Complete	None
GML003604	GML003604_mRNA2	PF00698.27,PF01575.26,PF08354.16,PF13452.12,PF16073.11,PF17828.7,PF17951.7,PF22235.2	Complete	Unchanged
GML003605	GML003605_mRNA1	PF00328.28,PF08443.17,PF18086.8	Complete	None
GML003606	GML003606_mRNA1	PF13793.13,PF14572.13,PF14572.13	Partial	None
GML003607	GML003607_mRNA1	PF07985.19	Partial	None
GML003608	GML003608_mRNA1	PF00072.31,PF00447.24	Complete	None
GML003609	GML003609_mRNA1	PF01541.31,PF21202.4	Complete	None
GML003610	GML003610_mRNA1	PF01055.33,PF13802.13,PF21365.4	Complete	None
GML003611	GML003611_mRNA1	PF00097.32,PF08647.18,PF13445.13,PF13920.13,PF13923.13,PF14634.13	Complete	None
GML003612	GML003612_mRNA1	PF00439.31,PF00439.31,PF17035.11	Complete	None
GML003613	GML003613_mRNA1	PF01207.24	Partial	None
GML003614	GML003614_mRNA1		None	None
GML003615	GML003615_mRNA1	PF02463.26,PF06470.19,PF13175.13	Complete	None
GML003616	GML003616_mRNA1	PF08203.17	Partial	None
GML003617	GML003617_mRNA1	PF21678.4,PF25038.1	Partial	None
GML003617	GML003617_mRNA2	PF21678.4,PF25038.1	Partial	Unchanged
GML003618	GML003618_mRNA1		None	None
GML003619	GML003619_mRNA1	PF00226.37,PF00684.26,PF01556.24	Complete	None
GML003620	GML003620_mRNA1	PF00241.26	Partial	None
GML003620	GML003620_mRNA2	PF00241.26	Partial	Unchanged
GML003621	GML003621_mRNA1	PF03221.23	Partial	None
GML003622	GML003622_mRNA1		None	None
GML003623	GML003623_mRNA1		None	None
GML003623	GML003623_mRNA2		None	Unchanged
GML003624	GML003624_mRNA1		None	None
GML003625	GML003625_mRNA1	PF03561.23,PF03561.23	Partial	None
GML003626	GML003626_mRNA1	PF10294.16	Partial	None
GML003627	GML003627_mRNA1		None	None
GML003628	GML003628_mRNA1		None	None
GML003629	GML003629_mRNA1	PF04099.19	Partial	None
GML003630	GML003630_mRNA1	PF07690.22	Partial	None
GML003631	GML003631_mRNA1	PF12767.13	Partial	None
GML003632	GML003632_mRNA1		None	None
GML003633	GML003633_mRNA1	PF00111.33	Partial	None
GML003634	GML003634_mRNA1	PF05008.22,PF12352.14	Complete	None
GML003635	GML003635_mRNA1	PF03200.23,PF22422.3	Complete	None
GML003636	GML003636_mRNA1	PF00106.32,PF01370.28,PF08659.17,PF13561.13	Partial	None
GML003637	GML003637_mRNA1	PF00078.33	Partial	None
GML003637	GML003637_mRNA2	PF00078.33	Partial	Unchanged
GML003637	GML003637_mRNA3	PF00078.33	Partial	Unchanged
GML003638	GML003638_mRNA1		None	None
GML003639	GML003639_mRNA1		None	None
GML003640	GML003640_mRNA1		None	None
GML003641	GML003641_mRNA1	PF00076.29	Complete	None
GML003642	GML003642_mRNA1	PF00098.29,PF00098.29,PF00098.29,PF00098.29,PF00098.29,PF00098.29,PF14392.12,PF14392.12,PF14392.12,PF14392.12,PF14392.12,PF14392.12	Complete	None
GML003643	GML003643_mRNA1	PF00809.29,PF00809.29,PF01288.26,PF02152.24,PF02152.24	Complete	None
GML003644	GML003644_mRNA1	PF14474.12	Partial	None
GML003645	GML003645_mRNA1	PF00010.32	Complete	None
GML003646	GML003646_mRNA1		None	None
GML003647	GML003647_mRNA1		None	None
GML003648	GML003648_mRNA1		None	None
GML003649	GML003649_mRNA1	PF26669.1	Partial	None
GML003649	GML003649_mRNA2	PF26669.1	Partial	Unchanged
GML003650	GML003650_mRNA1		None	None
GML003651	GML003651_mRNA1		None	None
GML003652	GML003652_mRNA1		None	None
GML003653	GML003653_mRNA1	PF00076.29	Partial	None
GML003654	GML003654_mRNA1	PF03876.23,PF08292.19	Partial	None
GML003655	GML003655_mRNA1	PF00004.36,PF07728.21,PF17862.8,PF21236.4	Complete	None
GML003656	GML003656_mRNA1		None	None
GML003657	GML003657_mRNA1		None	None
GML003658	GML003658_mRNA1	PF03114.24,PF03114.24	Partial	None
GML003659	GML003659_mRNA1		None	None
GML003660	GML003660_mRNA1		None	None
GML003661	GML003661_mRNA1	PF06733.22,PF06777.18,PF13307.13	Complete	None
GML003662	GML003662_mRNA1	PF00406.30,PF05191.21,PF13207.13	Complete	None
GML003663	GML003663_mRNA1	PF00406.30,PF05191.21,PF13207.13	Complete	None
GML003664	GML003664_mRNA1	PF04004.19	Partial	None
GML003665	GML003665_mRNA1	PF00620.33,PF00620.33	Complete	None
GML003666	GML003666_mRNA1	PF00069.32,PF07714.24	Partial	None
GML003667	GML003667_mRNA1	PF08313.18,PF18508.10	Complete	None
GML003668	GML003668_mRNA1		None	None
GML003669	GML003669_mRNA1	PF04588.19	Complete	None
GML003670	GML003670_mRNA1	PF06398.18	Partial	None
GML003671	GML003671_mRNA1	PF03879.21	Partial	None
GML003672	GML003672_mRNA1	PF00352.28,PF00352.28	Complete	None
GML003673	GML003673_mRNA1	PF03372.30,PF06839.18	Complete	None
GML003673	GML003673_mRNA2	PF03372.30,PF06839.18	Complete	Unchanged
GML003674	GML003674_mRNA1	PF29090.1	Partial	None
GML003675	GML003675_mRNA1	PF10345.16	Partial	None
GML003676	GML003676_mRNA1	PF01472.27,PF01509.24,PF08068.18,PF16198.11	Complete	None
GML003677	GML003677_mRNA1	PF05743.20,PF09454.16	Complete	None
GML003678	GML003678_mRNA1		None	None
GML003679	GML003679_mRNA1	PF00324.28,PF13520.13	Partial	None
GML003680	GML003680_mRNA1	PF00270.36,PF00271.38	Complete	None
GML003681	GML003681_mRNA1	PF00067.28	Partial	None
GML003682	GML003682_mRNA1	PF04137.21	Partial	None
GML003683	GML003683_mRNA1	PF13928.12	Partial	None
GML003684	GML003684_mRNA1	PF00172.24,PF11951.14	Partial	None
GML003685	GML003685_mRNA1	PF02733.23,PF02734.23	Complete	None
GML003686	GML003686_mRNA1		None	None
GML003686	GML003686_mRNA2		None	Unchanged
GML003687	GML003687_mRNA1	PF11951.14	Partial	None
GML003688	GML003688_mRNA1	PF00067.28	Partial	None
GML003689	GML003689_mRNA1	PF12751.14,PF12751.14	Complete	None
GML003690	GML003690_mRNA1	PF00300.28,PF01591.25	Complete	None
GML003691	GML003691_mRNA1		None	None
GML003691	GML003691_mRNA2		None	Unchanged
GML003691	GML003691_mRNA3		None	Unchanged
GML003692	GML003692_mRNA1		None	None
GML003693	GML003693_mRNA1	PF10294.16	Partial	None
GML003694	GML003694_mRNA1	PF19273.6	Partial	None
GML003694	GML003694_mRNA2	PF19273.6	Partial	Unchanged
GML003695	GML003695_mRNA1	PF04427.24	Partial	None
GML003696	GML003696_mRNA1	PF03909.23,PF08567.18	Complete	None
GML003697	GML003697_mRNA1	PF27832.2	Partial	None
GML003698	GML003698_mRNA1	PF00445.24	Partial	None
GML003699	GML003699_mRNA1	PF00080.26	Partial	None
GML003700	GML003700_mRNA1		None	None
GML003701	GML003701_mRNA1		None	None
GML003702	GML003702_mRNA1		None	None
GML003702	GML003702_mRNA2		None	Unchanged
GML003703	GML003703_mRNA1		None	None
GML003704	GML003704_mRNA1	PF01074.29,PF07748.20,PF09261.17,PF17677.8,PF22907.3	Complete	None
GML003705	GML003705_mRNA1	PF01172.25,PF09377.17,PF20268.5	Complete	None
GML003706	GML003706_mRNA1	PF00226.37,PF16717.11,PF21884.3,PF26185.1	Complete	None
GML003707	GML003707_mRNA1	PF04979.20	Partial	None
GML003708	GML003708_mRNA1		None	None
GML003708	GML003708_mRNA2		None	Unchanged
GML003709	GML003709_mRNA1	PF00025.28,PF00071.29,PF04670.19,PF08477.20,PF09439.17	Partial	None
GML003710	GML003710_mRNA1	PF03446.22,PF03807.24,PF27505.2	Partial	None
GML003711	GML003711_mRNA1	PF00288.33	Complete	None
GML003711	GML003711_mRNA2	PF00288.33	Partial	Truncated
GML003712	GML003712_mRNA1		None	None
GML003713	GML003713_mRNA1		None	None
GML003714	GML003714_mRNA1		None	None
GML003715	GML003715_mRNA1	PF01265.23,PF02077.21	Partial	None
GML003716	GML003716_mRNA1		None	None
GML003717	GML003717_mRNA1		None	None
GML003718	GML003718_mRNA1	PF01138.28,PF03725.21	Complete	None
GML003719	GML003719_mRNA1	PF05007.20,PF06728.20	Partial	None
GML003720	GML003720_mRNA1	PF17733.8,PF25871.1	Complete	None
GML003721	GML003721_mRNA1	PF00153.33,PF00153.33,PF00153.33	Complete	None
GML003722	GML003722_mRNA1		None	None
GML003723	GML003723_mRNA1	PF05793.19,PF05793.19	Partial	None
GML003724	GML003724_mRNA1	PF01546.34,PF04063.21,PF04063.21,PF04064.19,PF04389.23,PF07687.20	Complete	None
GML003724	GML003724_mRNA2	PF01546.34,PF04389.23,PF07687.20	Complete	Loss
GML003725	GML003725_mRNA1	PF04063.21,PF04064.19	Complete	None
GML003725	GML003725_mRNA2	PF04063.21,PF04064.19	Complete	Unchanged
GML003726	GML003726_mRNA1	PF01738.25	Partial	None
GML003727	GML003727_mRNA1	PF03109.23,PF03109.23,PF27536.1	Complete	None
GML003727	GML003727_mRNA2	PF03109.23,PF03109.23,PF27536.1	Complete	Unchanged
GML003728	GML003728_mRNA1	PF05057.22	Partial	None
GML003729	GML003729_mRNA1	PF00227.32	Partial	None
GML003729	GML003729_mRNA2	PF00227.32	Partial	Unchanged
GML003730	GML003730_mRNA1	PF00810.24	Partial	None
GML003731	GML003731_mRNA1	PF00085.27	Partial	None
GML003732	GML003732_mRNA1	PF13928.12,PF13928.12	Complete	None
GML003733	GML003733_mRNA1	PF03178.22,PF06699.17,PF10433.16,PF23726.2	Complete	None
GML003733	GML003733_mRNA2	PF03178.22,PF10433.16,PF23726.2	Complete	Loss
GML003734	GML003734_mRNA1	PF06699.17	Partial	None
GML003735	GML003735_mRNA1		None	None
GML003736	GML003736_mRNA1	PF00579.32,PF05365.18	Complete	None
GML003737	GML003737_mRNA1	PF02207.26,PF02617.23,PF22960.3,PF30856.1	Complete	None
GML003738	GML003738_mRNA1	PF02207.26,PF18995.6,PF22960.3,PF30856.1	Complete	None
GML003739	GML003739_mRNA1	PF00018.35,PF00018.35,PF00241.26,PF14604.13,PF14604.13	Complete	None
GML003740	GML003740_mRNA1	PF00622.37	Partial	None
GML003740	GML003740_mRNA2	PF00622.37	Partial	Unchanged
GML003740	GML003740_mRNA3	PF00622.37	Partial	Unchanged
GML003740	GML003740_mRNA4	PF00622.37	Complete	Extended
GML003741	GML003741_mRNA1	PF00332.25,PF29664.1	Partial	None
GML003742	GML003742_mRNA1	PF02598.23	Partial	None
GML003742	GML003742_mRNA2	PF02598.23	Partial	Unchanged
GML003743	GML003743_mRNA1	PF30554.1	Partial	None
GML003743	GML003743_mRNA2	PF30554.1	Partial	Unchanged
GML003744	GML003744_mRNA1	PF00293.35,PF04055.28,PF16881.11	Complete	None
GML003744	GML003744_mRNA2	PF04055.28,PF16881.11	Partial	Loss,Truncated
GML003745	GML003745_mRNA1	PF00169.36,PF00620.33,PF00787.30,PF00850.25	Complete	None
GML003745	GML003745_mRNA2	PF00850.25	Partial	Loss
GML003745	GML003745_mRNA3	PF00850.25	Partial	Loss
GML003746	GML003746_mRNA1	PF00169.36,PF00620.33,PF00787.30	Complete	None
GML003747	GML003747_mRNA1	PF03153.19,PF03153.19	Partial	None
GML003748	GML003748_mRNA1		None	None
GML003749	GML003749_mRNA1	PF03248.19	Partial	None
GML003750	GML003750_mRNA1		None	None
GML003751	GML003751_mRNA1	PF01608.24,PF07651.23	Complete	None
GML003752	GML003752_mRNA1	PF00153.33,PF00153.33,PF00153.33	Complete	None
GML003752	GML003752_mRNA2	PF00153.33,PF00153.33	Partial	Truncated
GML003753	GML003753_mRNA1	PF02271.22	Partial	None
GML003754	GML003754_mRNA1	PF09830.15,PF16269.11,PF19327.5	Complete	None
GML003754	GML003754_mRNA2	PF09830.15,PF16269.11,PF19327.5	Complete	Unchanged
GML003755	GML003755_mRNA1		None	None
GML003756	GML003756_mRNA1	PF01728.26,PF07780.18,PF11861.14	Complete	None
GML003757	GML003757_mRNA1	PF05131.21,PF26148.1,PF28736.1,PF28737.1	Complete	None
GML003758	GML003758_mRNA1	PF00307.37,PF00307.37,PF00307.37,PF00307.37	Complete	None
GML003759	GML003759_mRNA1	PF05347.22	Partial	None
GML003760	GML003760_mRNA1	PF00466.26,PF17777.7	Complete	None
GML003761	GML003761_mRNA1	PF08728.16,PF08728.16,PF11699.15,PF15624.12	Complete	None
GML003762	GML003762_mRNA1	PF01590.33,PF13185.13	Complete	None
GML003763	GML003763_mRNA1	PF00013.36,PF00013.36,PF00013.36	Complete	None
GML003764	GML003764_mRNA1		None	None
GML003764	GML003764_mRNA2		None	Unchanged
GML003765	GML003765_mRNA1		None	None
GML003765	GML003765_mRNA2		None	Unchanged
GML003766	GML003766_mRNA1	PF00448.29,PF02881.25,PF02978.27	Complete	None
GML003767	GML003767_mRNA1	PF28401.1,PF29247.1	Complete	None
GML003768	GML003768_mRNA1	PF05129.19	Partial	None
GML003769	GML003769_mRNA1	PF00566.26	Partial	None
GML003770	GML003770_mRNA1	PF01103.30	Partial	None
GML003771	GML003771_mRNA1	PF00067.28,PF00288.33,PF08544.19	Complete	None
GML003771	GML003771_mRNA2	PF00067.28	Partial	Loss
GML003772	GML003772_mRNA1	PF00288.33,PF08544.19	Complete	None
GML003773	GML003773_mRNA1	PF00010.32	Complete	None
GML003774	GML003774_mRNA1	PF01794.26,PF08022.19,PF08030.18	Complete	None
GML003774	GML003774_mRNA2	PF01794.26,PF08022.19,PF08030.18	Complete	Unchanged
GML003775	GML003775_mRNA1	PF27704.2	Partial	None
GML003776	GML003776_mRNA1		None	None
GML003776	GML003776_mRNA2		None	Unchanged
GML003776	GML003776_mRNA3		None	Unchanged
GML003777	GML003777_mRNA1	PF00675.26,PF05193.27	Partial	None
GML003778	GML003778_mRNA1		None	None
GML003779	GML003779_mRNA1	PF01237.24	Partial	None
GML003779	GML003779_mRNA2	PF01237.24	Partial	Unchanged
GML003780	GML003780_mRNA1	PF00454.34,PF11522.14,PF21245.4	Complete	None
GML003780	GML003780_mRNA2	PF00454.34,PF11522.14,PF21245.4	Complete	Unchanged
GML003781	GML003781_mRNA1	PF04769.19	Partial	None
GML003782	GML003782_mRNA1	PF01909.30,PF04926.21,PF04928.23,PF20750.4	Complete	None
GML003783	GML003783_mRNA1		None	None
GML003784	GML003784_mRNA1	PF07393.18	Partial	None
GML003785	GML003785_mRNA1	PF07690.22,PF07690.22	Partial	None
GML003786	GML003786_mRNA1		None	None
GML003786	GML003786_mRNA2		None	Unchanged
GML003786	GML003786_mRNA3		None	Unchanged
GML003787	GML003787_mRNA1	PF21492.3	Partial	None
GML003788	GML003788_mRNA1	PF00118.30	Partial	None
GML003789	GML003789_mRNA1	PF00134.29,PF02984.25	Complete	None
GML003790	GML003790_mRNA1	PF00063.28,PF02736.27	Partial	None
GML003791	GML003791_mRNA1	PF00083.31,PF07690.22	Partial	None
GML003792	GML003792_mRNA1	PF01569.28	Partial	None
GML003792	GML003792_mRNA2	PF01569.28	Partial	Unchanged
GML003793	GML003793_mRNA1		None	None
GML003794	GML003794_mRNA1	PF00438.26,PF02772.22,PF02773.22	Partial	None
GML003795	GML003795_mRNA1	PF03583.21	Partial	None
GML003795	GML003795_mRNA2	PF03583.21	Partial	Unchanged
GML003796	GML003796_mRNA1	PF09444.16	Complete	None
GML003796	GML003796_mRNA2		None	Loss
GML003797	GML003797_mRNA1		None	None
GML003798	GML003798_mRNA1	PF17903.8,PF21800.5,PF22891.3	Partial	None
GML003799	GML003799_mRNA1		None	None
GML003800	GML003800_mRNA1	PF00400.39,PF00400.39	Complete	None
GML003801	GML003801_mRNA1	PF01896.26	Partial	None
GML003801	GML003801_mRNA2	PF01896.26	Partial	Unchanged
GML003802	GML003802_mRNA1	PF00150.25,PF18564.8	Complete	None
GML003803	GML003803_mRNA1	PF00270.36,PF00271.38,PF00575.30,PF04408.30,PF07717.23,PF21010.3	Complete	None
GML003804	GML003804_mRNA1	PF00227.32	Partial	None
GML003805	GML003805_mRNA1	PF00677.24,PF00677.24	Partial	None
GML003806	GML003806_mRNA1		None	None
GML003807	GML003807_mRNA1		None	None
GML003808	GML003808_mRNA1	PF00108.30,PF00109.33,PF02803.25	Complete	None
GML003809	GML003809_mRNA1		None	None
GML003810	GML003810_mRNA1		None	None
GML003811	GML003811_mRNA1	PF00324.28	Partial	None
GML003812	GML003812_mRNA1		None	None
GML003812	GML003812_mRNA2		None	Unchanged
GML003813	GML003813_mRNA1		None	None
GML003813	GML003813_mRNA2		None	Unchanged
GML003814	GML003814_mRNA1	PF00328.28	Partial	None
GML003815	GML003815_mRNA1		None	None
GML003816	GML003816_mRNA1		None	None
GML003817	GML003817_mRNA1	PF00069.32,PF07714.24	Partial	None
GML003818	GML003818_mRNA1	PF04084.21,PF24882.2	Complete	None
GML003819	GML003819_mRNA1	PF01096.24,PF02150.22	Complete	None
GML003820	GML003820_mRNA1		None	None
GML003821	GML003821_mRNA1	PF10350.16,PF21369.4,PF25150.2,PF25151.2	Complete	None
GML003821	GML003821_mRNA2	PF10350.16,PF21369.4,PF25150.2,PF25151.2	Complete	Unchanged
GML003821	GML003821_mRNA3	PF10350.16,PF21369.4,PF25150.2,PF25151.2	Complete	Unchanged
GML003821	GML003821_mRNA4	PF21369.4	Partial	Loss,Truncated
GML003822	GML003822_mRNA1		None	None
GML003823	GML003823_mRNA1	PF00176.30,PF00270.36,PF00271.38,PF04851.22	Complete	None
GML003823	GML003823_mRNA2		None	Loss
GML003824	GML003824_mRNA1	PF00176.30,PF00270.36,PF00271.38,PF04851.22	Complete	None
GML003825	GML003825_mRNA1	PF01208.24,PF18826.7	Complete	None
GML003825	GML003825_mRNA2	PF01208.24	Partial	Loss
GML003826	GML003826_mRNA1	PF18826.7	Partial	None
GML003827	GML003827_mRNA1	PF04389.23,PF22250.2,PF22251.2,PF22251.2	Complete	None
GML003828	GML003828_mRNA1	PF03198.21	Partial	None
GML003829	GML003829_mRNA1	PF00646.39,PF12937.13	Partial	None
GML003830	GML003830_mRNA1	PF03194.21	Partial	None
GML003831	GML003831_mRNA1	PF01435.25,PF16491.11	Partial	None
GML003832	GML003832_mRNA1	PF16457.12	Complete	None
GML003833	GML003833_mRNA1	PF00270.36,PF00271.38	Complete	None
GML003834	GML003834_mRNA1	PF09801.15	Partial	None
GML003835	GML003835_mRNA1	PF02036.23	Partial	None
GML003836	GML003836_mRNA1	PF00067.28	Partial	None
GML003837	GML003837_mRNA1	PF11051.15	Partial	None
GML003838	GML003838_mRNA1		None	None
GML003839	GML003839_mRNA1	PF00026.29	Partial	None
GML003840	GML003840_mRNA1		None	None
GML003841	GML003841_mRNA1		None	None
GML003842	GML003842_mRNA1	PF00067.28	Partial	None
GML003843	GML003843_mRNA1	PF00082.28	Partial	None
GML003843	GML003843_mRNA2	PF00082.28	Partial	Unchanged
GML003843	GML003843_mRNA3	PF00082.28	Partial	Unchanged
GML003844	GML003844_mRNA1		None	None
GML003845	GML003845_mRNA1		None	None
GML003846	GML003846_mRNA1		None	None
GML003847	GML003847_mRNA1		None	None
GML003848	GML003848_mRNA1		None	None
GML003849	GML003849_mRNA1		None	None
GML003850	GML003850_mRNA1	PF11765.14	Partial	None
GML003851	GML003851_mRNA1	PF07690.22	Partial	None
GML003852	GML003852_mRNA1		None	None
GML003853	GML003853_mRNA1		None	None
GML003854	GML003854_mRNA1	PF00083.31,PF07690.22	Partial	None
GML003854	GML003854_mRNA2	PF00083.31,PF07690.22	Partial	Unchanged
GML003855	GML003855_mRNA1		None	None
GML003856	GML003856_mRNA1	PF07690.22	Partial	None
GML003857	GML003857_mRNA1		None	None
GML003858	GML003858_mRNA1		None	None
GML003858	GML003858_mRNA2		None	Unchanged
GML003859	GML003859_mRNA1	PF06609.19,PF07690.22	Partial	None
GML003859	GML003859_mRNA2	PF06609.19	Partial	Loss
GML003860	GML003860_mRNA1		None	None
GML003861	GML003861_mRNA1	PF00382.25,PF00382.25,PF08271.18	Complete	None
GML003862	GML003862_mRNA1	PF07690.22	Partial	None
GML003863	GML003863_mRNA1		None	None
GML003864	GML003864_mRNA1	PF13480.14	Complete	None
GML003864	GML003864_mRNA2		None	Loss
GML003865	GML003865_mRNA1	PF00650.26,PF03765.22,PF13716.12	Complete	None
GML003866	GML003866_mRNA1	PF00610.28,PF00611.29,PF00620.33	Complete	None
GML003867	GML003867_mRNA1		None	None
GML003867	GML003867_mRNA2		None	Unchanged
GML003868	GML003868_mRNA1		None	None
GML003869	GML003869_mRNA1	PF00378.26,PF16113.11	Partial	None
GML003870	GML003870_mRNA1	PF03666.19,PF03666.19,PF24064.3	Complete	None
GML003871	GML003871_mRNA1	PF01398.27,PF08082.17,PF08083.17,PF08084.17,PF10596.15,PF10597.15,PF10598.15,PF12134.14	Complete	None
GML003872	GML003872_mRNA1	PF13920.13	Complete	None
GML003873	GML003873_mRNA1	PF00155.28	Partial	None
GML003874	GML003874_mRNA1	PF04049.20,PF07719.24,PF13176.13,PF13181.13,PF13181.13,PF13181.13,PF13414.13,PF13432.13	Complete	None
GML003875	GML003875_mRNA1		None	None
GML003876	GML003876_mRNA1	PF00005.34,PF00005.34,PF00664.29,PF00664.29,PF03650.20,PF24357.2	Complete	None
GML003876	GML003876_mRNA2	PF03650.20	Partial	Loss,Truncated
GML003877	GML003877_mRNA1	PF00330.26,PF00694.26	Complete	None
GML003878	GML003878_mRNA1	PF01564.24,PF17284.8	Partial	None
GML003879	GML003879_mRNA1	PF05181.19	Complete	None
GML003880	GML003880_mRNA1	PF00183.24,PF02518.32,PF13589.13	Partial	None
GML003881	GML003881_mRNA1	PF10304.16,PF10363.16,PF23565.2	Complete	None
GML003882	GML003882_mRNA1	PF00023.37,PF00023.37,PF12796.14,PF12796.14,PF13606.13,PF13606.13,PF13637.13	Complete	None
GML003883	GML003883_mRNA1	PF01873.24	Complete	None
GML003883	GML003883_mRNA2	PF01873.24	Partial	Truncated
GML003884	GML003884_mRNA1	PF29121.1	Partial	None
GML003885	GML003885_mRNA1	PF00069.32,PF00069.32,PF07714.24	Partial	None
GML003886	GML003886_mRNA1	PF07544.19	Partial	None
GML003887	GML003887_mRNA1	PF01694.29	Partial	None
GML003888	GML003888_mRNA1	PF12634.14	Partial	None
GML003889	GML003889_mRNA1	PF01459.29	Partial	None
GML003890	GML003890_mRNA1	PF00365.26,PF00365.26	Complete	None
GML003890	GML003890_mRNA2	PF00365.26,PF00365.26	Complete	Unchanged
GML003891	GML003891_mRNA1		None	None
GML003892	GML003892_mRNA1	PF00205.29,PF02775.27,PF02776.24	Complete	None
GML003893	GML003893_mRNA1	PF00501.35	Partial	None
GML003894	GML003894_mRNA1	PF00004.36,PF06068.20,PF17856.8	Complete	None
GML003895	GML003895_mRNA1	PF00137.27,PF00137.27	Partial	None
GML003896	GML003896_mRNA1	PF08641.18	Partial	None
GML003897	GML003897_mRNA1	PF00307.37,PF00616.25,PF03836.22	Complete	None
GML003898	GML003898_mRNA1	PF00400.39,PF00400.39,PF00400.39,PF08953.18,PF16300.12	Complete	None
GML003899	GML003899_mRNA1	PF02450.22	Partial	None
GML003899	GML003899_mRNA2		None	Loss
GML003900	GML003900_mRNA1	PF03987.21	Partial	None
GML003901	GML003901_mRNA1		None	None
GML003902	GML003902_mRNA1	PF00248.28	Partial	None
GML003902	GML003902_mRNA2	PF00248.28	Partial	Unchanged
GML003902	GML003902_mRNA3	PF00248.28	Partial	Unchanged
GML003903	GML003903_mRNA1		None	None
GML003903	GML003903_mRNA2		None	Unchanged
GML003904	GML003904_mRNA1	PF04622.19	Partial	None
GML003905	GML003905_mRNA1	PF01554.24,PF01554.24	Complete	None
GML003905	GML003905_mRNA2	PF01554.24,PF01554.24	Complete	Unchanged
GML003906	GML003906_mRNA1	PF00134.29	Partial	None
GML003907	GML003907_mRNA1	PF10681.15	Partial	None
GML003908	GML003908_mRNA1	PF00790.26,PF01363.28,PF21356.3	Complete	None
GML003909	GML003909_mRNA1	PF00278.29,PF02784.23	Partial	None
GML003910	GML003910_mRNA1	PF00149.34	Partial	None
GML003910	GML003910_mRNA2	PF00149.34	Partial	Unchanged
GML003911	GML003911_mRNA1		None	None
GML003912	GML003912_mRNA1	PF12722.13	Partial	None
GML003913	GML003913_mRNA1	PF10273.15	Partial	None
GML003914	GML003914_mRNA1	PF00004.36,PF17872.8,PF21312.5,PF22606.3	Complete	None
GML003914	GML003914_mRNA2		None	Loss
GML003915	GML003915_mRNA1	PF00025.28,PF00071.29,PF04670.19,PF08477.20	Partial	None
GML003915	GML003915_mRNA2	PF00025.28,PF00071.29,PF04670.19,PF08477.20	Partial	Unchanged
GML003916	GML003916_mRNA1	PF01015.24	Partial	None
GML003917	GML003917_mRNA1	PF00168.37,PF00168.37,PF00168.37,PF00168.37,PF00168.37,PF24920.2,PF25669.2	Complete	None
GML003917	GML003917_mRNA2	PF00168.37,PF00168.37,PF00168.37,PF00168.37,PF00168.37,PF24920.2,PF25669.2	Complete	Unchanged
GML003917	GML003917_mRNA3	PF00168.37,PF00168.37,PF00168.37,PF00168.37,PF00168.37,PF24920.2,PF25669.2	Complete	Unchanged
GML003917	GML003917_mRNA4	PF00168.37,PF00168.37,PF00168.37,PF00168.37,PF00168.37,PF24920.2,PF25669.2	Complete	Unchanged
GML003918	GML003918_mRNA1	PF01159.25	Partial	None
GML003918	GML003918_mRNA2	PF01159.25	Partial	Unchanged
GML003919	GML003919_mRNA1	PF00254.35,PF17800.8	Complete	None
GML003919	GML003919_mRNA2	PF00254.35,PF17800.8	Complete	Unchanged
GML003920	GML003920_mRNA1	PF00860.27	Partial	None
GML003920	GML003920_mRNA2	PF00860.27	Partial	Unchanged
GML003921	GML003921_mRNA1	PF05546.17	Partial	None
GML003922	GML003922_mRNA1	PF00388.26,PF26146.1	Partial	None
GML003923	GML003923_mRNA1	PF00083.31,PF07690.22	Partial	None
GML003924	GML003924_mRNA1		None	None
GML003925	GML003925_mRNA1	PF25381.2,PF25381.2	Complete	None
GML003926	GML003926_mRNA1	PF00268.28	Partial	None
GML003926	GML003926_mRNA2	PF00268.28	Partial	Unchanged
GML003927	GML003927_mRNA1	PF04034.19,PF04068.21	Partial	None
GML003928	GML003928_mRNA1	PF01968.25,PF02538.20,PF05378.20,PF19278.5	Complete	None
GML003929	GML003929_mRNA1	PF00225.30,PF02204.24,PF16546.11,PF16796.12,PF29080.1	Complete	None
GML003929	GML003929_mRNA2	PF00225.30,PF13181.13,PF16546.11,PF16796.12	Complete	Truncated,Gain,Loss
GML003930	GML003930_mRNA1		None	None
GML003931	GML003931_mRNA1	PF08238.19,PF08238.19,PF08238.19,PF08238.19,PF08238.19,PF08238.19,PF08238.19	Complete	None
GML003932	GML003932_mRNA1	PF00179.32	Partial	None
GML003933	GML003933_mRNA1	PF14033.13,PF21666.3	Partial	None
GML003934	GML003934_mRNA1	PF01209.25,PF08241.19,PF08242.19,PF13489.13,PF13649.13,PF13847.13	Partial	None
GML003935	GML003935_mRNA1	PF00069.32,PF07714.24,PF17667.8	Partial	None
GML003935	GML003935_mRNA2	PF00069.32,PF07714.24,PF17667.8	Partial	Unchanged
GML003936	GML003936_mRNA1		None	None
GML003937	GML003937_mRNA1	PF01428.24,PF25327.2	Complete	None
GML003937	GML003937_mRNA2	PF01428.24,PF25327.2	Complete	Truncated
GML003938	GML003938_mRNA1	PF01876.24	Partial	None
GML003938	GML003938_mRNA2	PF01876.24	Partial	Unchanged
GML003939	GML003939_mRNA1	PF06881.17	Partial	None
GML003940	GML003940_mRNA1	PF00650.26,PF03765.22	Partial	None
GML003940	GML003940_mRNA2	PF00650.26,PF03765.22	Partial	Unchanged
GML003941	GML003941_mRNA1	PF10447.16,PF21551.4	Partial	None
GML003941	GML003941_mRNA2	PF10447.16,PF21551.4	Partial	Unchanged
GML003942	GML003942_mRNA1		None	None
GML003943	GML003943_mRNA1		None	None
GML003944	GML003944_mRNA1	PF00042.29	Partial	None
GML003945	GML003945_mRNA1	PF07690.22	Partial	None
GML003946	GML003946_mRNA1	PF23305.2	Complete	None
GML003946	GML003946_mRNA2	PF23305.2	Complete	Unchanged
GML003947	GML003947_mRNA1	PF07716.21	Complete	None
GML003947	GML003947_mRNA2		None	Loss
GML003948	GML003948_mRNA1	PF00724.27	Partial	None
GML003949	GML003949_mRNA1	PF17304.10	Partial	None
GML003949	GML003949_mRNA2	PF17304.10	Partial	Unchanged
GML003949	GML003949_mRNA3	PF17304.10	Partial	Unchanged
GML003950	GML003950_mRNA1	PF00333.27,PF03719.22	Complete	None
GML003951	GML003951_mRNA1	PF11517.15,PF21803.4	Complete	None
GML003951	GML003951_mRNA2	PF11517.15,PF21803.4	Complete	Unchanged
GML003952	GML003952_mRNA1		None	None
GML003953	GML003953_mRNA1	PF00118.30	Partial	None
GML003954	GML003954_mRNA1		None	None
GML003954	GML003954_mRNA2		None	Unchanged
GML003955	GML003955_mRNA1		None	None
GML003956	GML003956_mRNA1	PF07690.22	Partial	None
GML003956	GML003956_mRNA2	PF07690.22	Partial	Unchanged
GML003957	GML003957_mRNA1	PF00389.37,PF02826.26,PF03446.22	Partial	None
GML003957	GML003957_mRNA2	PF00389.37,PF02826.26,PF03446.22	Partial	Unchanged
GML003958	GML003958_mRNA1	PF00083.31,PF07690.22	Partial	None
GML003959	GML003959_mRNA1	PF00085.27,PF14595.13	Partial	None
GML003960	GML003960_mRNA1	PF01851.29,PF01851.29,PF01851.29,PF13646.13,PF18004.7,PF18004.7,PF21505.4	Complete	None
GML003960	GML003960_mRNA2	PF01851.29,PF01851.29,PF01851.29,PF13646.13,PF18004.7,PF18004.7,PF21505.4	Complete	Unchanged
GML003961	GML003961_mRNA1	PF00781.30,PF19279.5,PF24321.2	Complete	None
GML003961	GML003961_mRNA2	PF00781.30,PF19279.5,PF24321.2	Complete	Unchanged
GML003962	GML003962_mRNA1	PF29154.1	Partial	None
GML003963	GML003963_mRNA1	PF01593.31,PF13450.13	Partial	None
GML003964	GML003964_mRNA1	PF00076.29,PF13893.13	Partial	None
GML003965	GML003965_mRNA1	PF00472.27,PF03462.24	Complete	None
GML003965	GML003965_mRNA2	PF00472.27,PF03462.24	Complete	Unchanged
GML003965	GML003965_mRNA3	PF00472.27,PF03462.24	Complete	Unchanged
GML003966	GML003966_mRNA1	PF26729.1	Partial	None
GML003966	GML003966_mRNA2	PF26729.1	Partial	Unchanged
GML003967	GML003967_mRNA1	PF01209.25,PF08241.19,PF08242.19,PF13489.13,PF13649.13,PF13847.13	Complete	None
GML003968	GML003968_mRNA1	PF01399.34,PF18055.9,PF18503.8	Complete	None
GML003969	GML003969_mRNA1	PF04121.19	Partial	None
GML003970	GML003970_mRNA1	PF03371.21	Partial	None
GML003971	GML003971_mRNA1	PF10455.15	Partial	None
GML003972	GML003972_mRNA1	PF00009.34,PF00025.28,PF00025.28,PF00071.29,PF08477.20	Partial	None
GML003973	GML003973_mRNA1		None	None
GML003974	GML003974_mRNA1		None	None
GML003975	GML003975_mRNA1		None	None
GML003976	GML003976_mRNA1	PF09802.15	Partial	None
GML003977	GML003977_mRNA1	PF09763.16,PF15277.13,PF20654.4	Complete	None
GML003977	GML003977_mRNA2	PF09763.16,PF15277.13,PF20654.4	Complete	Unchanged
GML003977	GML003977_mRNA3	PF09763.16,PF15277.13,PF20654.4	Complete	Unchanged
GML003978	GML003978_mRNA1	PF02936.20	Partial	None
GML003979	GML003979_mRNA1	PF00069.32,PF07714.24	Complete	None
GML003980	GML003980_mRNA1		None	None
GML003981	GML003981_mRNA1	PF00153.33,PF00153.33,PF00153.33	Complete	None
GML003982	GML003982_mRNA1		None	None
GML003982	GML003982_mRNA2		None	Unchanged
GML003983	GML003983_mRNA1	PF04777.19	Partial	None
GML003983	GML003983_mRNA2	PF04777.19	Partial	Unchanged
GML003984	GML003984_mRNA1	PF01966.29,PF13023.13	Partial	None
GML003984	GML003984_mRNA2	PF01966.29,PF13023.13	Partial	Unchanged
GML003985	GML003985_mRNA1	PF00828.26	Partial	None
GML003986	GML003986_mRNA1	PF00083.31,PF06779.21,PF07690.22	Partial	None
GML003987	GML003987_mRNA1	PF05721.20	Partial	None
GML003988	GML003988_mRNA1	PF01408.29,PF22725.2	Partial	None
GML003989	GML003989_mRNA1	PF01588.27,PF21972.2	Complete	None
GML003990	GML003990_mRNA1	PF01209.25,PF02384.23,PF05958.18,PF08241.19,PF09445.17,PF13649.13,PF13847.13	Partial	None
GML003991	GML003991_mRNA1	PF03464.21,PF03465.21,PF26356.1	Complete	None
GML003992	GML003992_mRNA1		None	None
GML003992	GML003992_mRNA2		None	Unchanged
GML003993	GML003993_mRNA1	PF13405.13,PF13499.13	Partial	None
GML003994	GML003994_mRNA1	PF02463.26,PF13175.13,PF13476.13	Partial	None
GML003995	GML003995_mRNA1	PF00749.28,PF19269.5	Complete	None
GML003996	GML003996_mRNA1		None	None
GML003997	GML003997_mRNA1	PF17234.8	Partial	None
GML003998	GML003998_mRNA1	PF04133.20	Partial	None
GML003999	GML003999_mRNA1	PF29057.1	Partial	None
GML004000	GML004000_mRNA1		None	None
GML004001	GML004001_mRNA1		None	None
GML004002	GML004002_mRNA1	PF03641.20	Partial	None
GML004002	GML004002_mRNA2	PF03641.20	Partial	Unchanged
GML004003	GML004003_mRNA1	PF00484.25	Partial	None
GML004003	GML004003_mRNA2	PF00484.25	Partial	Unchanged
GML004004	GML004004_mRNA1	PF00176.30,PF00271.38,PF04851.22,PF11496.15	Complete	None
GML004004	GML004004_mRNA2	PF00176.30,PF00270.36,PF00271.38,PF04851.22,PF11496.15	Complete	Gain
GML004005	GML004005_mRNA1	PF00723.28	Partial	None
GML004006	GML004006_mRNA1	PF10270.15	Partial	None
GML004007	GML004007_mRNA1	PF04116.20	Partial	None
GML004008	GML004008_mRNA1	PF07690.22	Partial	None
GML004009	GML004009_mRNA1		None	None
GML004010	GML004010_mRNA1	PF00106.32,PF08659.17,PF13561.13,PF23441.1	Partial	None
GML004011	GML004011_mRNA1	PF04670.19	Partial	None
GML004012	GML004012_mRNA1	PF00400.39	Complete	None
GML004012	GML004012_mRNA2	PF00400.39	Complete	Unchanged
GML004013	GML004013_mRNA1	PF04922.19	Partial	None
GML004014	GML004014_mRNA1	PF09346.16	Partial	None
GML004015	GML004015_mRNA1		None	None
GML004016	GML004016_mRNA1	PF28954.1	Partial	None
GML004017	GML004017_mRNA1	PF01981.22	Partial	None
GML004018	GML004018_mRNA1	PF00249.38,PF13921.13	Partial	None
GML004019	GML004019_mRNA1	PF00425.26,PF30495.1	Partial	None
GML004019	GML004019_mRNA2	PF00425.26,PF30495.1	Partial	Unchanged
GML004020	GML004020_mRNA1		None	None
GML004020	GML004020_mRNA2		None	Unchanged
GML004021	GML004021_mRNA1	PF00789.27,PF08059.19,PF14555.13,PF22566.3	Complete	None
GML004022	GML004022_mRNA1	PF01717.25,PF08267.19	Partial	None
GML004023	GML004023_mRNA1	PF11055.14	Partial	None
GML004024	GML004024_mRNA1	PF01432.27,PF01432.27	Partial	None
GML004024	GML004024_mRNA2	PF01432.27,PF01432.27	Partial	Unchanged
GML004025	GML004025_mRNA1	PF02836.24,PF03198.21,PF07983.19	Complete	None
GML004025	GML004025_mRNA2	PF02836.24,PF03198.21,PF07983.19	Complete	Unchanged
GML004026	GML004026_mRNA1	PF30667.1	Partial	None
GML004027	GML004027_mRNA1	PF05224.18	Partial	None
GML004027	GML004027_mRNA2	PF05224.18	Partial	Unchanged
GML004028	GML004028_mRNA1	PF00561.27,PF12146.16,PF12697.14	Partial	None
GML004029	GML004029_mRNA1	PF00153.33,PF00153.33,PF00153.33,PF00153.33	Complete	None
GML004030	GML004030_mRNA1	PF06916.19	Partial	None
GML004031	GML004031_mRNA1	PF00899.28,PF05891.19	Partial	None
GML004031	GML004031_mRNA2	PF05891.19	Partial	Loss
GML004032	GML004032_mRNA1	PF00899.28	Partial	None
GML004033	GML004033_mRNA1	PF05916.17,PF22466.2	Partial	None
GML004034	GML004034_mRNA1	PF13181.13,PF13432.13,PF14559.13	Complete	None
GML004035	GML004035_mRNA1	PF08317.17	Complete	None
GML004036	GML004036_mRNA1	PF05648.20	Partial	None
GML004037	GML004037_mRNA1	PF05208.20,PF29020.1	Complete	None
GML004037	GML004037_mRNA2	PF05208.20,PF29020.1	Complete	Unchanged
GML004038	GML004038_mRNA1		None	None
GML004038	GML004038_mRNA2		None	Unchanged
GML004038	GML004038_mRNA3		None	Unchanged
GML004039	GML004039_mRNA1		None	None
GML004040	GML004040_mRNA1	PF00400.39,PF00400.39,PF00400.39,PF00400.39	Complete	None
GML004041	GML004041_mRNA1	PF00654.26,PF05282.18,PF20981.3	Complete	None
GML004041	GML004041_mRNA2	PF00654.26	Partial	Loss
GML004042	GML004042_mRNA1	PF05282.18,PF20981.3	Partial	None
GML004043	GML004043_mRNA1		None	None
GML004044	GML004044_mRNA1		None	None
GML004045	GML004045_mRNA1	PF01501.27,PF06427.18,PF18400.8,PF18401.8,PF18402.8,PF18404.8	Complete	None
GML004046	GML004046_mRNA1	PF02219.24,PF02219.24,PF21895.2,PF21897.2	Complete	None
GML004047	GML004047_mRNA1	PF07534.23	Partial	None
GML004048	GML004048_mRNA1	PF04139.19	Partial	None
GML004049	GML004049_mRNA1	PF00172.24,PF03650.20	Complete	None
GML004050	GML004050_mRNA1		None	None
GML004051	GML004051_mRNA1	PF01965.31	Partial	None
GML004052	GML004052_mRNA1	PF01602.27,PF12717.14	Partial	None
GML004053	GML004053_mRNA1	PF10241.15	Partial	None
GML004053	GML004053_mRNA2	PF10241.15	Partial	Unchanged
GML004054	GML004054_mRNA1	PF12044.15	Partial	None
GML004055	GML004055_mRNA1	PF06087.19	Partial	None
GML004055	GML004055_mRNA2	PF06087.19,PF06087.19	Partial	Unchanged
GML004056	GML004056_mRNA1	PF00173.34,PF00487.31,PF02463.26,PF06470.19,PF13304.13,PF13476.13	Complete	None
GML004056	GML004056_mRNA2	PF00173.34,PF00487.31	Partial	Loss,Truncated
GML004057	GML004057_mRNA1	PF00642.31,PF10453.15	Complete	None
GML004057	GML004057_mRNA2	PF00642.31,PF10453.15	Complete	Unchanged
GML004058	GML004058_mRNA1		None	None
GML004059	GML004059_mRNA1	PF00587.31,PF02403.28	Partial	None
GML004060	GML004060_mRNA1	PF00400.39,PF00400.39,PF00400.39,PF00400.39	Complete	None
GML004061	GML004061_mRNA1	PF10407.15	Partial	None
GML004061	GML004061_mRNA2	PF10407.15	Partial	Unchanged
GML004062	GML004062_mRNA1		None	None
GML004062	GML004062_mRNA2		None	Unchanged
GML004063	GML004063_mRNA1	PF01266.31,PF01425.27	Partial	None
GML004063	GML004063_mRNA2	PF01425.27	Partial	Loss
GML004064	GML004064_mRNA1	PF01266.31	Partial	None
GML004065	GML004065_mRNA1	PF01794.26,PF08030.18	Complete	None
GML004065	GML004065_mRNA2	PF01794.26	Complete	Loss
GML004066	GML004066_mRNA1	PF08030.18	Partial	None
GML004067	GML004067_mRNA1	PF00730.32	Partial	None
GML004068	GML004068_mRNA1		None	None
GML004069	GML004069_mRNA1		None	None
GML004070	GML004070_mRNA1	PF00576.28	Partial	None
GML004071	GML004071_mRNA1	PF10451.16	Partial	None
GML004072	GML004072_mRNA1	PF05148.22,PF05148.22,PF08241.19	Complete	None
GML004072	GML004072_mRNA2	PF05148.22,PF05148.22,PF08241.19	Complete	Unchanged
GML004073	GML004073_mRNA1	PF00400.39,PF00400.39,PF29037.1	Complete	None
GML004074	GML004074_mRNA1		None	None
GML004075	GML004075_mRNA1	PF00168.37,PF00397.33,PF00397.33,PF00397.33,PF00632.31	Complete	None
GML004076	GML004076_mRNA1		None	None
GML004077	GML004077_mRNA1	PF00069.32,PF07714.24	Partial	None
GML004078	GML004078_mRNA1	PF05712.19,PF11717.15,PF22732.3	Partial	None
GML004079	GML004079_mRNA1	PF10843.14	Partial	None
GML004080	GML004080_mRNA1	PF02466.25	Partial	None
GML004081	GML004081_mRNA1		None	None
GML004082	GML004082_mRNA1	PF01644.24,PF03142.22,PF08407.18,PF13632.13	Complete	None
GML004083	GML004083_mRNA1		None	None
GML004084	GML004084_mRNA1	PF00962.29,PF19326.6	Partial	None
GML004084	GML004084_mRNA2	PF00962.29,PF19326.6	Partial	Unchanged
GML004085	GML004085_mRNA1		None	None
GML004086	GML004086_mRNA1	PF02991.23,PF04110.20	Partial	None
GML004087	GML004087_mRNA1	PF02637.24,PF02934.21	Complete	None
GML004087	GML004087_mRNA2	PF02637.24,PF02934.21	Partial	Truncated
GML004088	GML004088_mRNA1	PF02076.23	Partial	None
GML004089	GML004089_mRNA1	PF03810.26,PF25574.2,PF25780.2	Partial	None
GML004090	GML004090_mRNA1	PF00270.36,PF00271.38,PF04851.22	Complete	None
GML004090	GML004090_mRNA2	PF00270.36,PF00271.38,PF04851.22	Complete	Unchanged
GML004091	GML004091_mRNA1	PF00485.25	Partial	None
GML004091	GML004091_mRNA2	PF00485.25	Partial	Unchanged
GML004092	GML004092_mRNA1	PF03177.21,PF08801.18	Partial	None
GML004093	GML004093_mRNA1	PF04389.23	Partial	None
GML004094	GML004094_mRNA1	PF00436.32	Partial	None
GML004094	GML004094_mRNA2	PF00436.32	Partial	Unchanged
GML004095	GML004095_mRNA1		None	None
GML004096	GML004096_mRNA1	PF04777.19,PF12955.14	Complete	None
GML004096	GML004096_mRNA2	PF04777.19,PF12955.14	Complete	Unchanged
GML004096	GML004096_mRNA3	PF12955.14	Complete	Loss
GML004097	GML004097_mRNA1	PF04777.19	Partial	None
GML004098	GML004098_mRNA1		None	None
GML004099	GML004099_mRNA1	PF12352.14,PF27017.1	Complete	None
GML004100	GML004100_mRNA1	PF07950.17,PF07950.17	Complete	None
GML004101	GML004101_mRNA1	PF01592.22	Partial	None
GML004102	GML004102_mRNA1	PF28401.1,PF29247.1,PF29247.1	Complete	None
GML004102	GML004102_mRNA2	PF28401.1,PF29247.1	Partial	Truncated
GML004103	GML004103_mRNA1	PF14204.12,PF17144.10	Complete	None
GML004103	GML004103_mRNA2	PF14204.12,PF17144.10	Complete	Unchanged
GML004103	GML004103_mRNA3	PF14204.12,PF17144.10	Complete	Unchanged
GML004104	GML004104_mRNA1	PF10558.15	Partial	None
GML004105	GML004105_mRNA1	PF06052.19	Partial	None
GML004106	GML004106_mRNA1	PF10302.16,PF13373.12	Partial	None
GML004107	GML004107_mRNA1	PF00153.33,PF00153.33,PF00153.33	Complete	None
GML004107	GML004107_mRNA2	PF00153.33,PF00153.33	Partial	Truncated
GML004108	GML004108_mRNA1		None	None
GML004109	GML004109_mRNA1	PF00326.28,PF00930.28	Complete	None
GML004110	GML004110_mRNA1	PF03715.19	Partial	None
GML004111	GML004111_mRNA1	PF00172.24,PF24990.1	Complete	None
GML004112	GML004112_mRNA1	PF00097.32,PF13445.13,PF13639.13,PF14634.13,PF17123.12	Complete	None
GML004113	GML004113_mRNA1		None	None
GML004113	GML004113_mRNA2		None	Unchanged
GML004114	GML004114_mRNA1	PF00168.37,PF00168.37,PF00168.37,PF00168.37,PF24920.2,PF25669.2	Complete	None
GML004115	GML004115_mRNA1	PF00562.34,PF04560.26,PF04561.20,PF04563.21,PF04565.22,PF04566.19,PF04567.23	Complete	None
GML004116	GML004116_mRNA1		None	None
GML004117	GML004117_mRNA1		None	None
GML004118	GML004118_mRNA1		None	None
GML004119	GML004119_mRNA1		None	None
GML004119	GML004119_mRNA2		None	Unchanged
GML004120	GML004120_mRNA1	PF00317.27,PF02867.21	Complete	None
GML004120	GML004120_mRNA2	PF00317.27,PF02867.21	Complete	Unchanged
GML004120	GML004120_mRNA3	PF00317.27,PF02867.21	Complete	Unchanged
GML004120	GML004120_mRNA4	PF00317.27,PF02867.21	Complete	Unchanged
GML004121	GML004121_mRNA1	PF03849.20,PF18307.7	Complete	None
GML004122	GML004122_mRNA1	PF01018.29,PF01018.29,PF01926.30,PF02421.25	Complete	None
GML004122	GML004122_mRNA2	PF01018.29,PF01018.29,PF01926.30,PF02421.25	Complete	Unchanged
GML004123	GML004123_mRNA1	PF00270.36,PF00271.38,PF04851.22	Complete	None
GML004124	GML004124_mRNA1	PF02656.21	Partial	None
GML004125	GML004125_mRNA1		None	None
GML004126	GML004126_mRNA1		None	None
GML004127	GML004127_mRNA1	PF00382.25,PF00382.25,PF05285.18,PF07741.19,PF08158.19,PF21638.3	Complete	None
GML004127	GML004127_mRNA2	PF05285.18,PF08158.19,PF21638.3	Complete	Loss,Truncated
GML004128	GML004128_mRNA1	PF00505.26,PF29054.1	Complete	None
GML004129	GML004129_mRNA1	PF00698.27	Partial	None
GML004130	GML004130_mRNA1	PF00763.29,PF01268.26,PF02882.26	Partial	None
GML004131	GML004131_mRNA1	PF00854.28	Partial	None
GML004132	GML004132_mRNA1	PF00581.26	Partial	None
GML004133	GML004133_mRNA1		None	None
GML004134	GML004134_mRNA1		None	None
GML004134	GML004134_mRNA2		None	Unchanged
GML004134	GML004134_mRNA3		None	Unchanged
GML004135	GML004135_mRNA1	PF06102.18	Partial	None
GML004136	GML004136_mRNA1	PF08660.18	Partial	None
GML004136	GML004136_mRNA2	PF08660.18	Partial	Unchanged
GML004136	GML004136_mRNA3	PF08660.18	Partial	Unchanged
GML004137	GML004137_mRNA1		None	None
GML004138	GML004138_mRNA1	PF00227.32,PF10584.15	Complete	None
GML004138	GML004138_mRNA2	PF00227.32,PF10584.15	Partial	Truncated
GML004139	GML004139_mRNA1	PF04130.19,PF17681.7	Partial	None
GML004140	GML004140_mRNA1	PF00899.28,PF16420.11	Partial	None
GML004141	GML004141_mRNA1	PF04981.20,PF21192.4,PF21193.4,PF29994.1	Complete	None
GML004142	GML004142_mRNA1	PF00439.31,PF00583.32	Complete	None
GML004143	GML004143_mRNA1	PF01182.27	Partial	None
GML004144	GML004144_mRNA1	PF07823.18	Partial	None
GML004144	GML004144_mRNA2	PF07823.18	Partial	Unchanged
GML004145	GML004145_mRNA1		None	None
GML004146	GML004146_mRNA1	PF02301.24	Partial	None
GML004147	GML004147_mRNA1	PF00134.29	Partial	None
GML004148	GML004148_mRNA1	PF01459.29	Partial	None
GML004149	GML004149_mRNA1	PF00293.35,PF14519.12	Complete	None
GML004150	GML004150_mRNA1	PF00400.39,PF00400.39,PF00400.39,PF08145.18	Complete	None
GML004150	GML004150_mRNA2	PF00400.39,PF00400.39,PF00400.39,PF08145.18	Complete	Unchanged
GML004150	GML004150_mRNA3	PF00400.39,PF00400.39,PF00400.39,PF08145.18	Complete	Unchanged
GML004151	GML004151_mRNA1	PF00076.29	Partial	None
GML004152	GML004152_mRNA1	PF01553.27	Partial	None
GML004153	GML004153_mRNA1	PF00125.31,PF00808.30	Partial	None
GML004154	GML004154_mRNA1	PF07819.20,PF25140.2,PF25141.2	Complete	None
GML004154	GML004154_mRNA2	PF07819.20,PF25140.2,PF25141.2	Complete	Unchanged
GML004155	GML004155_mRNA1		None	None
GML004156	GML004156_mRNA1	PF06687.18	Partial	None
GML004157	GML004157_mRNA1	PF07957.17,PF07957.17	Partial	None
GML004157	GML004157_mRNA2	PF07957.17,PF07957.17	Partial	Unchanged
GML004157	GML004157_mRNA3	PF07957.17	Partial	Unchanged
GML004158	GML004158_mRNA1	PF00181.31,PF03947.25	Partial	None
GML004159	GML004159_mRNA1		None	None
GML004160	GML004160_mRNA1		None	None
GML004161	GML004161_mRNA1	PF01248.32	Partial	None
GML004162	GML004162_mRNA1	PF04193.20,PF04193.20	Complete	None
GML004163	GML004163_mRNA1	PF00172.24,PF04082.24	Partial	None
GML004164	GML004164_mRNA1		None	None
GML004165	GML004165_mRNA1	PF10521.15	Partial	None
GML004166	GML004166_mRNA1	PF00294.30,PF04227.18	Partial	None
GML004167	GML004167_mRNA1		None	None
GML004168	GML004168_mRNA1	PF16035.11	Partial	None
GML004169	GML004169_mRNA1	PF00132.31,PF00483.30,PF12804.14,PF25087.2	Complete	None
GML004170	GML004170_mRNA1	PF07690.22	Partial	None
GML004171	GML004171_mRNA1	PF00316.26,PF18913.6	Partial	None
GML004172	GML004172_mRNA1		None	None
GML004172	GML004172_mRNA2		None	Unchanged
GML004173	GML004173_mRNA1	PF00344.26,PF10559.15	Partial	None
GML004174	GML004174_mRNA1	PF00004.36,PF09336.17	Complete	None
GML004175	GML004175_mRNA1		None	None
GML004176	GML004176_mRNA1	PF12716.13	Partial	None
GML004177	GML004177_mRNA1	PF00083.31,PF06609.19,PF07690.22	Partial	None
GML004178	GML004178_mRNA1	PF00226.37,PF05347.22,PF13233.13,PF14308.12	Complete	None
GML004179	GML004179_mRNA1	PF00743.26,PF00743.26,PF07992.21,PF13454.13,PF13738.13	Partial	None
GML004180	GML004180_mRNA1	PF00083.31,PF00083.31,PF07690.22	Partial	None
GML004180	GML004180_mRNA2	PF00083.31,PF00083.31,PF07690.22	Partial	Unchanged
GML004181	GML004181_mRNA1	PF11124.15	Partial	None
GML004182	GML004182_mRNA1	PF03388.22	Partial	None
GML004182	GML004182_mRNA2	PF03388.22	Partial	Unchanged
GML004183	GML004183_mRNA1	PF20180.5	Partial	None
GML004184	GML004184_mRNA1	PF00300.28	Partial	None
GML004184	GML004184_mRNA2	PF00300.28	Partial	Unchanged
GML004185	GML004185_mRNA1	PF01156.25	Partial	None
GML004186	GML004186_mRNA1	PF04083.23	Partial	None
GML004186	GML004186_mRNA2	PF04083.23	Partial	Unchanged
GML004187	GML004187_mRNA1		None	None
GML004188	GML004188_mRNA1		None	None
GML004189	GML004189_mRNA1	PF00153.33,PF00153.33,PF00153.33	Complete	None
GML004190	GML004190_mRNA1		None	None
GML004191	GML004191_mRNA1		None	None
GML004192	GML004192_mRNA1	PF00389.37,PF02826.26,PF03446.22	Partial	None
GML004193	GML004193_mRNA1		None	None
GML004193	GML004193_mRNA2		None	Unchanged
GML004194	GML004194_mRNA1	PF02225.28,PF04389.23	Partial	None
GML004194	GML004194_mRNA2	PF02225.28,PF04389.23	Partial	Unchanged
GML004195	GML004195_mRNA1	PF00004.36,PF00226.37,PF07728.21,PF16450.12,PF17862.8	Complete	None
GML004195	GML004195_mRNA2	PF00004.36,PF07728.21,PF16450.12,PF17862.8	Complete	Loss
GML004196	GML004196_mRNA1	PF00226.37	Complete	None
GML004197	GML004197_mRNA1		None	None
GML004198	GML004198_mRNA1	PF02854.26,PF12152.14	Complete	None
GML004198	GML004198_mRNA2	PF02854.26,PF12152.14	Complete	Unchanged
GML004199	GML004199_mRNA1		None	None
GML004200	GML004200_mRNA1	PF00004.36,PF05496.19,PF07728.21,PF13173.13,PF13401.13	Partial	None
GML004201	GML004201_mRNA1	PF01803.22	Partial	None
GML004202	GML004202_mRNA1	PF04795.18	Complete	None
GML004203	GML004203_mRNA1		None	None
GML004204	GML004204_mRNA1		None	None
GML004205	GML004205_mRNA1	PF06413.18	Partial	None
GML004206	GML004206_mRNA1	PF17748.8	Partial	None
GML004207	GML004207_mRNA1		None	None
GML004208	GML004208_mRNA1	PF07716.21	Complete	None
GML004209	GML004209_mRNA1		None	None
GML004210	GML004210_mRNA1		None	None
GML004211	GML004211_mRNA1	PF00289.29,PF00364.29,PF00682.26,PF02222.28,PF02436.24,PF02786.23,PF07478.19,PF25917.1	Complete	None
GML004212	GML004212_mRNA1	PF08651.16	Partial	None
GML004213	GML004213_mRNA1	PF05669.18	Partial	None
GML004214	GML004214_mRNA1	PF10261.16	Partial	None
GML004215	GML004215_mRNA1	PF05345.19,PF05345.19,PF05345.19	Complete	None
GML004216	GML004216_mRNA1		None	None
GML004216	GML004216_mRNA2		None	Unchanged
GML004217	GML004217_mRNA1	PF02779.30,PF02780.26	Complete	None
GML004218	GML004218_mRNA1	PF13000.14,PF13000.14	Partial	None
GML004218	GML004218_mRNA2		None	Loss
GML004219	GML004219_mRNA1	PF00149.34	Partial	None
GML004220	GML004220_mRNA1	PF00202.28	Partial	None
GML004220	GML004220_mRNA2	PF00202.28	Partial	Unchanged
GML004221	GML004221_mRNA1	PF00063.28,PF06017.20,PF09497.16	Complete	None
GML004221	GML004221_mRNA2	PF00063.28,PF06017.20	Complete	Loss
GML004222	GML004222_mRNA1	PF09497.16	Complete	None
GML004223	GML004223_mRNA1	PF00400.39,PF00400.39,PF00400.39,PF00400.39,PF00400.39,PF00400.39,PF00400.39,PF08154.19	Complete	None
GML004224	GML004224_mRNA1		None	None
GML004225	GML004225_mRNA1		None	None
GML004226	GML004226_mRNA1	PF00069.32,PF07714.24	Complete	None
GML004227	GML004227_mRNA1	PF05046.20	Partial	None
GML004228	GML004228_mRNA1	PF00096.33,PF00096.33,PF00096.33,PF00096.33	Complete	None
GML004229	GML004229_mRNA1		None	None
GML004229	GML004229_mRNA2		None	Unchanged
GML004230	GML004230_mRNA1	PF28656.1	Complete	None
GML004231	GML004231_mRNA1	PF09770.16,PF09770.16	Partial	None
GML004232	GML004232_mRNA1	PF04869.21,PF04871.19	Complete	None
GML004233	GML004233_mRNA1	PF04762.19,PF23797.2,PF23878.2,PF23925.2	Complete	None
GML004233	GML004233_mRNA2	PF04762.19,PF23797.2,PF23878.2,PF23925.2	Complete	Unchanged
GML004233	GML004233_mRNA3	PF04762.19,PF23797.2,PF23878.2,PF23925.2	Complete	Unchanged
GML004234	GML004234_mRNA1		None	None
GML004235	GML004235_mRNA1	PF01496.25	Partial	None
GML004235	GML004235_mRNA2	PF01496.25	Partial	Unchanged
GML004236	GML004236_mRNA1		None	None
GML004237	GML004237_mRNA1	PF12862.14	Complete	None
GML004237	GML004237_mRNA2	PF12862.14	Complete	Unchanged
GML004238	GML004238_mRNA1	PF01066.27	Partial	None
GML004239	GML004239_mRNA1	PF13540.13	Complete	None
GML004239	GML004239_mRNA2	PF13540.13	Complete	Unchanged
GML004240	GML004240_mRNA1	PF04061.20	Partial	None
GML004241	GML004241_mRNA1	PF00464.26	Partial	None
GML004242	GML004242_mRNA1	PF00349.28,PF03727.23	Partial	None
GML004243	GML004243_mRNA1	PF08588.17	Partial	None
GML004244	GML004244_mRNA1	PF00923.26	Partial	None
GML004245	GML004245_mRNA1	PF01687.24	Partial	None
GML004245	GML004245_mRNA2	PF01687.24	Partial	Unchanged
GML004246	GML004246_mRNA1	PF23240.2	Partial	None
GML004247	GML004247_mRNA1	PF01775.23	Partial	None
GML004248	GML004248_mRNA1	PF04116.20	Partial	None
GML004249	GML004249_mRNA1	PF00117.35,PF00988.29	Partial	None
GML004249	GML004249_mRNA2	PF00117.35,PF00988.29	Partial	Unchanged
GML004250	GML004250_mRNA1	PF04425.18,PF04426.18	Complete	None
GML004251	GML004251_mRNA1	PF00098.29,PF08783.18,PF13696.12	Complete	None
GML004252	GML004252_mRNA1	PF11715.17	Partial	None
GML004252	GML004252_mRNA2	PF11715.17	Partial	Unchanged
GML004252	GML004252_mRNA3		None	Loss
GML004253	GML004253_mRNA1	PF04177.19	Partial	None
GML004254	GML004254_mRNA1	PF02268.22,PF02751.21	Partial	None
GML004255	GML004255_mRNA1		None	None
GML004256	GML004256_mRNA1	PF02845.23	Partial	None
GML004256	GML004256_mRNA2	PF02845.23	Partial	Unchanged
GML004257	GML004257_mRNA1	PF01975.24,PF03133.21	Partial	None
GML004258	GML004258_mRNA1	PF02953.21	Partial	None
GML004259	GML004259_mRNA1	PF01116.27	Partial	None
GML004260	GML004260_mRNA1	PF08595.17	Partial	None
GML004261	GML004261_mRNA1	PF00705.24,PF02747.21	Partial	None
GML004262	GML004262_mRNA1	PF02257.22	Complete	None
GML004262	GML004262_mRNA2		None	Loss
GML004262	GML004262_mRNA3		None	Loss
GML004263	GML004263_mRNA1	PF00928.27,PF01217.27	Partial	None
GML004264	GML004264_mRNA1	PF00150.25,PF03198.21	Partial	None
GML004265	GML004265_mRNA1	PF01399.34,PF01634.24,PF08029.17,PF18098.7,PF22241.3	Complete	None
GML004265	GML004265_mRNA2	PF01399.34,PF18098.7,PF22241.3	Complete	Loss
GML004266	GML004266_mRNA1	PF01255.25	Partial	None
GML004267	GML004267_mRNA1	PF00069.32,PF07714.24,PF16797.12	Complete	None
GML004268	GML004268_mRNA1	PF00134.29,PF03587.20,PF16899.11	Complete	None
GML004268	GML004268_mRNA2	PF03587.20,PF03587.20	Partial	Loss
GML004269	GML004269_mRNA1	PF00134.29,PF16899.11	Complete	None
GML004270	GML004270_mRNA1	PF09798.16	Partial	None
GML004270	GML004270_mRNA2	PF09798.16	Partial	Unchanged
GML004271	GML004271_mRNA1		None	None
GML004272	GML004272_mRNA1	PF00730.32,PF07934.19	Partial	None
GML004273	GML004273_mRNA1		None	None
GML004274	GML004274_mRNA1	PF00004.36,PF00158.33,PF05496.19,PF07724.21,PF07728.21,PF12002.14,PF13173.13,PF16193.12	Complete	None
GML004274	GML004274_mRNA2	PF00004.36,PF00158.33,PF05496.19,PF07724.21,PF07728.21,PF12002.14,PF13173.13,PF16193.12	Complete	Truncated
GML004275	GML004275_mRNA1	PF27758.1	Partial	None
GML004276	GML004276_mRNA1		None	None
GML004277	GML004277_mRNA1		None	None
GML004278	GML004278_mRNA1		None	None
GML004279	GML004279_mRNA1	PF01569.28,PF04468.18	Complete	None
GML004279	GML004279_mRNA2	PF04468.18	Complete	Loss
GML004280	GML004280_mRNA1	PF01569.28	Partial	None
GML004281	GML004281_mRNA1		None	None
GML004281	GML004281_mRNA2		None	Unchanged
GML004282	GML004282_mRNA1	PF25381.2	Partial	None
GML004282	GML004282_mRNA2	PF25381.2	Partial	Unchanged
GML004283	GML004283_mRNA1	PF01979.27	Partial	None
GML004284	GML004284_mRNA1	PF05730.17	Partial	None
GML004285	GML004285_mRNA1		None	None
GML004286	GML004286_mRNA1	PF26153.1	Complete	None
GML004286	GML004286_mRNA2	PF26153.1	Complete	Unchanged
GML004287	GML004287_mRNA1		None	None
GML004287	GML004287_mRNA2		None	Unchanged
GML004288	GML004288_mRNA1		None	None
GML004289	GML004289_mRNA1	PF10259.15	Partial	None
GML004290	GML004290_mRNA1	PF00675.26,PF00995.29,PF05193.27,PF05193.27,PF16187.11,PF22456.2	Complete	None
GML004290	GML004290_mRNA2	PF00675.26,PF00995.29,PF05193.27,PF05193.27,PF16187.11,PF22456.2	Complete	Unchanged
GML004291	GML004291_mRNA1	PF00628.36,PF20826.3	Partial	None
GML004292	GML004292_mRNA1	PF00650.26,PF03765.22,PF13716.12	Complete	None
GML004293	GML004293_mRNA1	PF00501.35,PF00501.35,PF23024.2,PF24919.1	Complete	None
GML004293	GML004293_mRNA2	PF00501.35,PF00501.35,PF23024.2,PF24919.1	Complete	Unchanged
GML004294	GML004294_mRNA1		None	None
GML004294	GML004294_mRNA2		None	Unchanged
GML004295	GML004295_mRNA1	PF00010.32,PF23181.1	Partial	None
GML004296	GML004296_mRNA1	PF00107.33,PF13602.13,PF16884.11	Partial	None
GML004297	GML004297_mRNA1	PF00253.28	Partial	None
GML004298	GML004298_mRNA1	PF00069.32,PF07714.24	Partial	None
GML004299	GML004299_mRNA1	PF00160.27	Partial	None
GML004300	GML004300_mRNA1	PF01602.27,PF02883.27	Complete	None
GML004301	GML004301_mRNA1	PF03134.25	Partial	None
GML004302	GML004302_mRNA1	PF04935.18,PF04935.18,PF15459.12	Partial	None
GML004303	GML004303_mRNA1	PF03223.21	Partial	None
GML004304	GML004304_mRNA1	PF00026.29	Partial	None
GML004305	GML004305_mRNA1		None	None
GML004306	GML004306_mRNA1	PF00324.28,PF13520.13	Partial	None
GML004307	GML004307_mRNA1	PF01035.27	Partial	None
GML004308	GML004308_mRNA1		None	None
GML004309	GML004309_mRNA1		None	None
GML004309	GML004309_mRNA2		None	Unchanged
GML004310	GML004310_mRNA1	PF20399.5,PF20400.4	Complete	None
GML004311	GML004311_mRNA1	PF01066.27	Partial	None
GML004312	GML004312_mRNA1		None	None
GML004312	GML004312_mRNA2		None	Unchanged
GML004313	GML004313_mRNA1		None	None
GML004314	GML004314_mRNA1	PF03031.25	Partial	None
GML004315	GML004315_mRNA1	PF10297.15,PF28364.1	Complete	None
GML004315	GML004315_mRNA2	PF10297.15,PF28364.1	Complete	Truncated
GML004316	GML004316_mRNA1	PF08634.17	Partial	None
GML004317	GML004317_mRNA1	PF01583.27,PF01591.25,PF08433.17,PF13671.13	Partial	None
GML004318	GML004318_mRNA1	PF00400.39,PF00400.39,PF00400.39,PF00400.39,PF00400.39,PF00400.39,PF08662.18	Complete	None
GML004318	GML004318_mRNA2	PF00400.39,PF00400.39,PF00400.39,PF00400.39,PF00400.39,PF00400.39,PF08662.18	Complete	Unchanged
GML004319	GML004319_mRNA1	PF02311.26,PF03079.21,PF07883.18	Partial	None
GML004320	GML004320_mRNA1	PF01920.26,PF02996.23	Partial	None
GML004321	GML004321_mRNA1	PF03345.22,PF23358.2	Complete	None
GML004322	GML004322_mRNA1	PF09138.18	Partial	None
GML004322	GML004322_mRNA2	PF09138.18	Partial	Unchanged
GML004323	GML004323_mRNA1	PF13180.13,PF18265.7	Complete	None
GML004323	GML004323_mRNA2	PF13180.13,PF18265.7	Partial	Truncated
GML004324	GML004324_mRNA1		None	None
GML004324	GML004324_mRNA2		None	Unchanged
GML004325	GML004325_mRNA1	PF01507.26	Partial	None
GML004326	GML004326_mRNA1	PF00067.28	Partial	None
GML004327	GML004327_mRNA1	PF05875.19	Partial	None
GML004328	GML004328_mRNA1	PF00488.28,PF01624.26,PF05188.24,PF05190.24,PF05192.24	Complete	None
GML004329	GML004329_mRNA1		None	None
GML004330	GML004330_mRNA1	PF01250.23	Partial	None
GML004331	GML004331_mRNA1	PF01569.28,PF14378.13	Complete	None
GML004332	GML004332_mRNA1	PF01263.27	Partial	None
GML004333	GML004333_mRNA1		None	None
GML004334	GML004334_mRNA1	PF00172.24	Complete	None
GML004335	GML004335_mRNA1		None	None
GML004336	GML004336_mRNA1	PF01467.33	Partial	None
GML004337	GML004337_mRNA1	PF05024.21	Partial	None
GML004338	GML004338_mRNA1		None	None
GML004339	GML004339_mRNA1	PF07690.22	Partial	None
GML004339	GML004339_mRNA2	PF07690.22	Partial	Unchanged
GML004340	GML004340_mRNA1	PF07690.22	Partial	None
GML004341	GML004341_mRNA1	PF00318.26,PF00318.26,PF16122.11	Complete	None
GML004342	GML004342_mRNA1	PF27809.1	Partial	None
GML004343	GML004343_mRNA1		None	None
GML004344	GML004344_mRNA1		None	None
GML004345	GML004345_mRNA1	PF00583.32,PF13508.14,PF13673.14	Partial	None
GML004346	GML004346_mRNA1	PF00107.33,PF08240.18,PF13602.13	Partial	None
GML004347	GML004347_mRNA1	PF00069.32,PF00069.32,PF07714.24	Complete	None
GML004348	GML004348_mRNA1	PF00069.32,PF00536.38,PF07647.25,PF07714.24,PF14847.13	Partial	None
GML004349	GML004349_mRNA1	PF00149.34	Complete	None
GML004350	GML004350_mRNA1	PF01937.25	Partial	None
GML004350	GML004350_mRNA2	PF01937.25	Partial	Unchanged
GML004351	GML004351_mRNA1		None	None
GML004351	GML004351_mRNA2		None	Unchanged
GML004352	GML004352_mRNA1	PF00788.30,PF07647.25	Complete	None
GML004353	GML004353_mRNA1	PF00298.25,PF03946.20	Partial	None
GML004354	GML004354_mRNA1	PF00887.25	Partial	None
GML004355	GML004355_mRNA1	PF00400.39	Complete	None
GML004356	GML004356_mRNA1	PF03663.21	Partial	None
GML004357	GML004357_mRNA1	PF01209.25,PF02353.27,PF08241.19,PF08242.19,PF08498.16,PF13489.13,PF13649.13,PF13847.13	Complete	None
GML004358	GML004358_mRNA1	PF12719.14	Complete	None
GML004359	GML004359_mRNA1	PF04112.19,PF25789.2	Partial	None
GML004359	GML004359_mRNA2	PF04112.19,PF25789.2	Partial	Unchanged
GML004360	GML004360_mRNA1	PF00170.27,PF08601.16	Partial	None
GML004361	GML004361_mRNA1	PF07690.22	Partial	None
GML004362	GML004362_mRNA1	PF00018.35,PF00169.36,PF07647.25,PF14604.13	Complete	None
GML004363	GML004363_mRNA1	PF00515.35,PF12895.14,PF13181.13,PF13181.13,PF13181.13,PF13181.13,PF13181.13,PF13432.13	Complete	None
GML004364	GML004364_mRNA1	PF02990.22,PF02990.22	Partial	None
GML004364	GML004364_mRNA2	PF02990.22	Partial	Unchanged
GML004365	GML004365_mRNA1	PF00231.25	Partial	None
GML004366	GML004366_mRNA1		None	None
GML004366	GML004366_mRNA2		None	Unchanged
GML004367	GML004367_mRNA1	PF10277.16,PF23021.4,PF23022.4,PF23226.2	Complete	None
GML004368	GML004368_mRNA1		None	None
GML004369	GML004369_mRNA1	PF00089.33,PF00595.30,PF12812.14,PF12812.14,PF13365.13	Complete	None
GML004369	GML004369_mRNA2	PF00089.33,PF00595.30,PF12812.14,PF12812.14,PF13365.13	Complete	Unchanged
GML004369	GML004369_mRNA3	PF00089.33,PF00595.30,PF12812.14,PF12812.14,PF13365.13	Complete	Unchanged
GML004370	GML004370_mRNA1	PF05460.19	Partial	None
GML004371	GML004371_mRNA1	PF04800.18	Partial	None
GML004372	GML004372_mRNA1	PF00856.34,PF11764.14,PF11767.15	Complete	None
GML004373	GML004373_mRNA1	PF00488.28,PF01624.26,PF05188.24,PF05192.24	Complete	None
GML004374	GML004374_mRNA1	PF04410.21	Complete	None
GML004374	GML004374_mRNA2	PF04410.21	Complete	Unchanged
GML004374	GML004374_mRNA3	PF04410.21	Complete	Unchanged
GML004375	GML004375_mRNA1	PF03856.19	Partial	None
GML004376	GML004376_mRNA1	PF00324.28,PF13520.13	Partial	None
GML004377	GML004377_mRNA1		None	None
GML004378	GML004378_mRNA1	PF07904.19	Partial	None
GML004379	GML004379_mRNA1	PF01479.31	Complete	None
GML004380	GML004380_mRNA1	PF05175.21,PF06325.20,PF08241.19,PF13649.13,PF13847.13	Partial	None
GML004381	GML004381_mRNA1	PF04189.19	Partial	None
GML004382	GML004382_mRNA1	PF01189.24	Partial	None
GML004383	GML004383_mRNA1	PF00022.27,PF00022.27	Partial	None
GML004384	GML004384_mRNA1	PF01213.25,PF08603.17,PF21938.2	Complete	None
GML004384	GML004384_mRNA2	PF01213.25,PF08603.17,PF21938.2	Complete	Unchanged
GML004385	GML004385_mRNA1	PF00226.37,PF00684.26,PF01556.24	Complete	None
GML004386	GML004386_mRNA1	PF06325.20,PF08241.19,PF08242.19,PF13489.13,PF13649.13,PF13847.13	Partial	None
GML004386	GML004386_mRNA2	PF06325.20,PF08241.19,PF08242.19,PF13489.13,PF13649.13,PF13847.13	Partial	Unchanged
GML004387	GML004387_mRNA1	PF05764.19,PF05764.19,PF08265.17	Complete	None
GML004387	GML004387_mRNA2	PF05764.19,PF05764.19	Partial	Loss
GML004388	GML004388_mRNA1	PF08265.17	Complete	None
GML004389	GML004389_mRNA1	PF09229.18	Partial	None
GML004389	GML004389_mRNA2	PF09229.18	Partial	Unchanged
GML004390	GML004390_mRNA1		None	None
GML004391	GML004391_mRNA1	PF00270.36,PF00271.38,PF00271.38,PF04851.22	Complete	None
GML004392	GML004392_mRNA1	PF01226.25	Partial	None
GML004393	GML004393_mRNA1	PF00097.32,PF02037.34,PF13445.13,PF13639.13,PF13920.13,PF13923.13,PF14634.13	Complete	None
GML004393	GML004393_mRNA2	PF02037.34	Complete	Loss
GML004394	GML004394_mRNA1		None	None
GML004394	GML004394_mRNA2		None	Unchanged
GML004395	GML004395_mRNA1	PF08543.18	Partial	None
GML004396	GML004396_mRNA1	PF01764.32	Complete	None
GML004397	GML004397_mRNA1	PF06687.18	Partial	None
GML004398	GML004398_mRNA1	PF00069.32,PF07714.24,PF14531.13	Partial	None
GML004399	GML004399_mRNA1	PF01655.24	Partial	None
GML004400	GML004400_mRNA1	PF10344.16	Partial	None
GML004401	GML004401_mRNA1		None	None
GML004402	GML004402_mRNA1	PF00076.29	Partial	None
GML004402	GML004402_mRNA2	PF00076.29	Partial	Unchanged
GML004403	GML004403_mRNA1	PF00097.32,PF13445.13,PF13639.13,PF13923.13,PF14634.13,PF17123.12	Complete	None
GML004404	GML004404_mRNA1		None	None
GML004405	GML004405_mRNA1	PF01287.27,PF21485.4	Partial	None
GML004405	GML004405_mRNA2	PF01287.27,PF21485.4	Partial	Unchanged
GML004406	GML004406_mRNA1		None	None
GML004407	GML004407_mRNA1	PF00855.24,PF08711.17	Complete	None
GML004408	GML004408_mRNA1		None	None
GML004409	GML004409_mRNA1		None	None
GML004410	GML004410_mRNA1	PF00476.27,PF18136.7	Complete	None
GML004411	GML004411_mRNA1		None	None
GML004412	GML004412_mRNA1	PF02636.24	Partial	None
GML004413	GML004413_mRNA1		None	None
GML004414	GML004414_mRNA1	PF00069.32,PF00400.39,PF00400.39,PF05653.21,PF07714.24,PF22956.3	Complete	None
GML004414	GML004414_mRNA2	PF05653.21	Partial	Loss
GML004415	GML004415_mRNA1	PF00069.32,PF00400.39,PF00400.39,PF07714.24,PF22956.3	Complete	None
GML004416	GML004416_mRNA1	PF00383.30,PF14437.13	Partial	None
GML004417	GML004417_mRNA1	PF03850.21	Partial	None
GML004418	GML004418_mRNA1	PF04938.18	Partial	None
GML004418	GML004418_mRNA2	PF04938.18	Partial	Unchanged
GML004419	GML004419_mRNA1	PF03669.19	Partial	None
GML004420	GML004420_mRNA1	PF00400.39,PF08513.18	Complete	None
GML004421	GML004421_mRNA1	PF16528.12,PF25345.1	Complete	None
GML004421	GML004421_mRNA2	PF16528.12,PF25345.1	Complete	Unchanged
GML004422	GML004422_mRNA1	PF07690.22	Partial	None
GML004423	GML004423_mRNA1	PF01553.27,PF12351.14,PF16076.11	Complete	None
GML004423	GML004423_mRNA2	PF01553.27,PF12351.14,PF16076.11	Complete	Unchanged
GML004424	GML004424_mRNA1	PF00454.34,PF02259.30,PF02260.26,PF20175.4,PF20206.5	Complete	None
GML004425	GML004425_mRNA1		None	None
GML004425	GML004425_mRNA2		None	Unchanged
GML004426	GML004426_mRNA1	PF09419.17,PF13242.13	Complete	None
GML004427	GML004427_mRNA1	PF05180.18,PF23202.2,PF23230.1,PF25447.2	Complete	None
GML004427	GML004427_mRNA2	PF23202.2,PF23230.1,PF25447.2	Complete	Loss
GML004428	GML004428_mRNA1	PF05180.18	Partial	None
GML004429	GML004429_mRNA1	PF06644.17	Partial	None
GML004430	GML004430_mRNA1	PF00149.34,PF04152.20	Partial	None
GML004431	GML004431_mRNA1	PF00069.32,PF00069.32,PF05773.28,PF07714.24,PF07714.24,PF12745.13,PF13393.12	Complete	None
GML004431	GML004431_mRNA2	PF00069.32,PF00069.32,PF05773.28,PF07714.24,PF07714.24,PF12745.13,PF13393.12	Complete	Unchanged
GML004432	GML004432_mRNA1	PF01633.27	Partial	None
GML004433	GML004433_mRNA1	PF01569.28	Partial	None
GML004434	GML004434_mRNA1	PF00787.30,PF19566.6	Complete	None
GML004435	GML004435_mRNA1		None	None
GML004436	GML004436_mRNA1		None	None
GML004437	GML004437_mRNA1	PF00004.36,PF03215.22,PF08542.17,PF13177.13,PF21960.3	Complete	None
GML004438	GML004438_mRNA1		None	None
GML004438	GML004438_mRNA2		None	Unchanged
GML004439	GML004439_mRNA1		None	None
GML004440	GML004440_mRNA1	PF00026.29	Partial	None
GML004441	GML004441_mRNA1	PF00782.26	Complete	None
GML004442	GML004442_mRNA1	PF11935.15	Partial	None
GML004443	GML004443_mRNA1	PF16944.11	Partial	None
GML004444	GML004444_mRNA1		None	None
GML004445	GML004445_mRNA1	PF00400.39,PF08389.19,PF19282.6	Complete	None
GML004445	GML004445_mRNA2	PF00400.39,PF08389.19,PF19282.6	Complete	Unchanged
GML004445	GML004445_mRNA3	PF00400.39,PF00400.39	Complete	Loss
GML004446	GML004446_mRNA1	PF00291.32	Partial	None
GML004447	GML004447_mRNA1	PF00096.33	Complete	None
GML004448	GML004448_mRNA1	PF00005.34,PF00005.34,PF01061.30,PF01061.30,PF19055.7	Complete	None
GML004449	GML004449_mRNA1	PF22799.3,PF25485.2	Complete	None
GML004450	GML004450_mRNA1	PF00462.31	Partial	None
GML004451	GML004451_mRNA1	PF00069.32,PF07714.24,PF07714.24	Partial	None
GML004452	GML004452_mRNA1	PF11707.14,PF16201.11,PF26140.1	Complete	None
GML004453	GML004453_mRNA1	PF03583.21	Partial	None
GML004454	GML004454_mRNA1	PF08520.16	Partial	None
GML004455	GML004455_mRNA1	PF04851.22,PF13086.13,PF13087.13,PF13245.13,PF21138.4	Complete	None
GML004456	GML004456_mRNA1	PF00188.33	Partial	None
GML004457	GML004457_mRNA1	PF00172.24,PF04082.24	Partial	None
GML004458	GML004458_mRNA1		None	None
GML004459	GML004459_mRNA1	PF00766.26,PF01012.28	Complete	None
GML004460	GML004460_mRNA1	PF00400.39,PF00400.39,PF00400.39,PF00916.27,PF01740.27,PF12265.15	Complete	None
GML004460	GML004460_mRNA2	PF00400.39,PF00400.39,PF00400.39,PF00916.27,PF01740.27,PF12265.15	Complete	Unchanged
GML004460	GML004460_mRNA3	PF00916.27,PF01740.27	Complete	Loss
GML004460	GML004460_mRNA4	PF00916.27,PF01740.27	Complete	Loss
GML004460	GML004460_mRNA5	PF00916.27,PF01740.27	Complete	Loss
GML004461	GML004461_mRNA1	PF00400.39,PF00400.39,PF00400.39,PF12265.15	Complete	None
GML004462	GML004462_mRNA1	PF00583.32,PF13508.14,PF13673.14	Complete	None
GML004463	GML004463_mRNA1	PF10806.14	Partial	None
GML004464	GML004464_mRNA1	PF01398.27,PF23594.2	Complete	None
GML004464	GML004464_mRNA2	PF01398.27,PF23594.2	Complete	Unchanged
GML004465	GML004465_mRNA1	PF00557.30,PF05195.23	Partial	None
GML004466	GML004466_mRNA1	PF00996.25	Partial	None
GML004467	GML004467_mRNA1	PF00077.26,PF00240.30,PF09668.17,PF13650.12,PF13975.12	Complete	None
GML004468	GML004468_mRNA1		None	None
GML004469	GML004469_mRNA1	PF00072.31	Complete	None
GML004469	GML004469_mRNA2	PF00072.31	Complete	Unchanged
GML004470	GML004470_mRNA1	PF03909.23	Complete	None
GML004471	GML004471_mRNA1	PF00005.34,PF00005.34	Complete	None
GML004472	GML004472_mRNA1	PF00155.28,PF00155.28	Partial	None
GML004473	GML004473_mRNA1	PF03162.19	Partial	None
GML004474	GML004474_mRNA1	PF00443.36,PF13423.13	Partial	None
GML004474	GML004474_mRNA2	PF00443.36,PF13423.13	Partial	Unchanged
GML004474	GML004474_mRNA3	PF00443.36,PF13423.13	Partial	Unchanged
GML004475	GML004475_mRNA1	PF01008.24	Partial	None
GML004476	GML004476_mRNA1	PF01933.24	Partial	None
GML004476	GML004476_mRNA2	PF01933.24	Partial	Unchanged
GML004477	GML004477_mRNA1	PF00400.39,PF00400.39,PF00400.39,PF00400.39,PF00400.39,PF00400.39,PF00400.39	Complete	None
GML004478	GML004478_mRNA1	PF00400.39,PF27239.2	Complete	None
GML004478	GML004478_mRNA2	PF00400.39,PF27239.2	Complete	Truncated
GML004479	GML004479_mRNA1	PF10280.15	Partial	None
GML004480	GML004480_mRNA1	PF05916.17,PF24997.2	Complete	None
GML004481	GML004481_mRNA1	PF10296.16,PF26544.1,PF26544.1,PF26545.1	Partial	None
GML004482	GML004482_mRNA1	PF00004.36,PF00004.36,PF09262.18,PF17862.8	Complete	None
GML004483	GML004483_mRNA1	PF12597.14	Partial	None
GML004484	GML004484_mRNA1	PF01956.22	Partial	None
GML004485	GML004485_mRNA1	PF00009.34,PF03029.24	Partial	None
GML004486	GML004486_mRNA1	PF06824.18	Partial	None
GML004487	GML004487_mRNA1		None	None
GML004487	GML004487_mRNA2		None	Unchanged
GML004487	GML004487_mRNA3		None	Unchanged
GML004488	GML004488_mRNA1	PF10294.16	Partial	None
GML004489	GML004489_mRNA1		None	None
GML004490	GML004490_mRNA1	PF02656.21	Partial	None
GML004491	GML004491_mRNA1	PF17056.11	Partial	None
GML004492	GML004492_mRNA1	PF00149.34	Partial	None
GML004493	GML004493_mRNA1	PF00493.30,PF01078.28,PF07728.21,PF12619.14,PF14551.12,PF17207.10,PF17855.8	Complete	None
GML004493	GML004493_mRNA2	PF00493.30,PF01078.28,PF07728.21,PF12619.14,PF14551.12,PF17207.10,PF17855.8	Complete	Unchanged
GML004493	GML004493_mRNA3	PF00493.30,PF01078.28,PF07728.21,PF12619.14,PF14551.12,PF17207.10,PF17855.8	Complete	Unchanged
GML004494	GML004494_mRNA1	PF02207.26,PF31011.1	Complete	None
GML004495	GML004495_mRNA1	PF00004.36,PF02190.23,PF05362.20,PF07728.21,PF22667.3	Complete	None
GML004496	GML004496_mRNA1		None	None
GML004497	GML004497_mRNA1	PF05234.17	Partial	None
GML004498	GML004498_mRNA1	PF01189.24,PF25376.2,PF25378.2	Complete	None
GML004499	GML004499_mRNA1	PF00097.32,PF12678.14,PF13445.13,PF13639.13,PF13923.13,PF25563.1	Complete	None
GML004499	GML004499_mRNA2	PF00097.32,PF12678.14,PF13445.13,PF13639.13,PF13923.13,PF25563.1	Complete	Unchanged
GML004500	GML004500_mRNA1	PF00808.30	Partial	None
GML004501	GML004501_mRNA1	PF04506.19	Partial	None
GML004502	GML004502_mRNA1	PF16588.12	Complete	None
GML004503	GML004503_mRNA1		None	None
GML004504	GML004504_mRNA1	PF05224.18	Partial	None
GML004505	GML004505_mRNA1	PF05127.22,PF08351.19,PF13718.13,PF13725.13	Complete	None
GML004506	GML004506_mRNA1	PF00485.25	Partial	None
GML004507	GML004507_mRNA1	PF10846.14	Partial	None
GML004507	GML004507_mRNA2	PF10846.14	Partial	Unchanged
GML004508	GML004508_mRNA1	PF00324.28,PF13520.13	Partial	None
GML004509	GML004509_mRNA1	PF00083.31,PF07690.22	Partial	None
GML004510	GML004510_mRNA1	PF29361.1	Partial	None
GML004511	GML004511_mRNA1	PF03357.27	Partial	None
GML004512	GML004512_mRNA1	PF01149.30,PF06831.20	Complete	None
GML004512	GML004512_mRNA2	PF01149.30,PF06831.20	Complete	Unchanged
GML004513	GML004513_mRNA1	PF00390.25,PF03949.22	Partial	None
GML004514	GML004514_mRNA1	PF07859.20,PF10340.16	Partial	None
GML004515	GML004515_mRNA1	PF00406.30,PF05191.21,PF13207.13	Complete	None
GML004516	GML004516_mRNA1	PF04818.20,PF11526.14,PF21936.3	Complete	None
GML004517	GML004517_mRNA1	PF00153.33,PF00153.33	Complete	None
GML004518	GML004518_mRNA1	PF29001.1	Complete	None
GML004518	GML004518_mRNA2	PF29001.1	Complete	Unchanged
GML004519	GML004519_mRNA1		None	None
GML004519	GML004519_mRNA2		None	Unchanged
GML004520	GML004520_mRNA1	PF09994.15	Partial	None
GML004521	GML004521_mRNA1	PF00355.33,PF02921.20	Partial	None
GML004522	GML004522_mRNA1	PF00632.31	Complete	None
GML004522	GML004522_mRNA2	PF00632.31	Complete	Unchanged
GML004523	GML004523_mRNA1		None	None
GML004524	GML004524_mRNA1	PF10433.16	Partial	None
GML004525	GML004525_mRNA1	PF07575.20	Partial	None
GML004526	GML004526_mRNA1	PF00137.27,PF00137.27	Partial	None
GML004527	GML004527_mRNA1	PF01248.32	Partial	None
GML004528	GML004528_mRNA1	PF10441.15	Complete	None
GML004529	GML004529_mRNA1	PF00571.34,PF00571.34,PF00654.26	Complete	None
GML004530	GML004530_mRNA1	PF05739.27,PF07247.18,PF14523.13	Complete	None
GML004531	GML004531_mRNA1	PF00136.27,PF03104.26,PF08996.16,PF12254.14	Complete	None
GML004531	GML004531_mRNA2	PF00136.27,PF03104.26,PF08996.16,PF12254.14	Complete	Unchanged
GML004532	GML004532_mRNA1	PF00903.32	Complete	None
GML004533	GML004533_mRNA1	PF04855.18	Complete	None
GML004534	GML004534_mRNA1	PF01053.27	Partial	None
GML004535	GML004535_mRNA1		None	None
GML004536	GML004536_mRNA1	PF01014.24,PF01014.24	Partial	None
GML004537	GML004537_mRNA1		None	None
GML004538	GML004538_mRNA1	PF00773.26	Complete	None
GML004538	GML004538_mRNA2	PF00773.26	Complete	Unchanged
GML004539	GML004539_mRNA1	PF02714.21,PF12621.14,PF13967.12,PF14703.13	Complete	None
GML004540	GML004540_mRNA1	PF00719.25	Partial	None
GML004540	GML004540_mRNA2	PF00719.25	Partial	Unchanged
GML004540	GML004540_mRNA3	PF00719.25	Partial	Unchanged
GML004541	GML004541_mRNA1	PF00288.33,PF08544.19,PF10487.16,PF18378.8,PF21093.4	Complete	None
GML004541	GML004541_mRNA2	PF00288.33,PF08544.19,PF10487.16,PF18378.8,PF21093.4	Complete	Unchanged
GML004541	GML004541_mRNA3	PF00288.33,PF08544.19	Complete	Loss,Truncated
GML004542	GML004542_mRNA1	PF03820.23	Partial	None
GML004543	GML004543_mRNA1	PF01648.26	Partial	None
GML004544	GML004544_mRNA1	PF00117.35,PF00958.28,PF02540.24	Complete	None
GML004545	GML004545_mRNA1	PF00400.39,PF00400.39,PF00400.39,PF00400.39,PF08154.19	Complete	None
GML004546	GML004546_mRNA1	PF07942.19	Partial	None
GML004547	GML004547_mRNA1	PF01239.29,PF01239.29,PF01239.29,PF01239.29	Complete	None
GML004548	GML004548_mRNA1		None	None
GML004549	GML004549_mRNA1	PF05792.19,PF05792.19,PF05792.19,PF05792.19,PF05792.19,PF05792.19,PF05792.19,PF05792.19,PF05792.19,PF05792.19,PF05792.19,PF05792.19,PF05792.19,PF05792.19,PF05792.19,PF05792.19,PF05792.19,PF05792.19,PF05792.19,PF05792.19,PF05792.19,PF05792.19,PF05792.19,PF05792.19,PF05792.19,PF05792.19,PF05792.19,PF05792.19,PF05792.19,PF11766.15,PF17961.8	Complete	None
GML004550	GML004550_mRNA1	PF01758.22	Partial	None
GML004551	GML004551_mRNA1	PF04101.23	Partial	None
GML004552	GML004552_mRNA1	PF02269.23	Partial	None
GML004553	GML004553_mRNA1	PF12906.14	Partial	None
GML004554	GML004554_mRNA1	PF02366.25,PF02815.26,PF16192.11	Complete	None
GML004555	GML004555_mRNA1	PF00753.34,PF16123.12	Complete	None
GML004555	GML004555_mRNA2	PF00753.34,PF16123.12	Complete	Unchanged
GML004556	GML004556_mRNA1	PF03162.19	Partial	None
GML004557	GML004557_mRNA1	PF04001.19	Partial	None
GML004557	GML004557_mRNA2	PF04001.19	Partial	Unchanged
GML004557	GML004557_mRNA3	PF04001.19	Partial	Unchanged
GML004558	GML004558_mRNA1	PF00764.26,PF20979.3	Partial	None
GML004559	GML004559_mRNA1	PF10334.17,PF10337.16,PF13515.13,PF13621.13,PF17811.7	Complete	None
GML004559	GML004559_mRNA2	PF10334.17,PF10337.16	Complete	Loss
GML004560	GML004560_mRNA1	PF02518.32,PF10436.15	Complete	None
GML004561	GML004561_mRNA1	PF09431.16	Partial	None
GML004562	GML004562_mRNA1	PF00023.37,PF00023.37,PF00023.37,PF03105.25,PF12796.14,PF12796.14,PF12796.14,PF13637.13,PF13637.13,PF13637.13,PF13637.13,PF25329.2	Complete	None
GML004563	GML004563_mRNA1	PF00638.25,PF03810.26,PF08389.19,PF08767.18,PF18777.8,PF18784.7,PF18787.8	Complete	None
GML004563	GML004563_mRNA2	PF03810.26,PF08389.19,PF08767.18,PF18777.8,PF18784.7,PF18787.8	Complete	Loss
GML004564	GML004564_mRNA1	PF00638.25	Partial	None
GML004564	GML004564_mRNA2	PF00638.25	Partial	Unchanged
GML004565	GML004565_mRNA1	PF00056.30,PF02866.24	Partial	None
GML004566	GML004566_mRNA1	PF01204.25,PF07492.17,PF22422.3	Complete	None
GML004566	GML004566_mRNA2	PF01204.25,PF07492.17,PF22422.3	Complete	Unchanged
GML004567	GML004567_mRNA1	PF00348.23,PF00348.23	Partial	None
GML004567	GML004567_mRNA2	PF00348.23,PF00348.23	Partial	Unchanged
GML004568	GML004568_mRNA1	PF00297.29	Partial	None
GML004569	GML004569_mRNA1	PF00347.29,PF00347.29	Complete	None
GML004569	GML004569_mRNA2	PF00347.29,PF00347.29	Partial	Truncated
GML004570	GML004570_mRNA1	PF00163.25,PF01479.31	Complete	None
GML004571	GML004571_mRNA1	PF08693.16	Partial	None
GML004572	GML004572_mRNA1	PF01794.26,PF08022.19,PF08030.18	Complete	None
GML004573	GML004573_mRNA1		None	None
GML004573	GML004573_mRNA2		None	Unchanged
GML004574	GML004574_mRNA1	PF13508.14	Partial	None
GML004575	GML004575_mRNA1	PF00176.30,PF00271.38,PF00385.31,PF00385.31,PF04851.22,PF11496.15,PF13907.12,PF18196.8,PF23588.3	Complete	None
GML004576	GML004576_mRNA1	PF00005.34,PF00005.34,PF00037.33,PF04068.21	Complete	None
GML004577	GML004577_mRNA1	PF07529.19,PF13921.13,PF28931.1,PF29375.1	Complete	None
GML004577	GML004577_mRNA2	PF07529.19,PF13921.13	Complete	Loss
GML004578	GML004578_mRNA1	PF28931.1,PF29375.1	Partial	None
GML004579	GML004579_mRNA1	PF09631.17	Partial	None
GML004580	GML004580_mRNA1	PF03856.19	Partial	None
GML004581	GML004581_mRNA1	PF00172.24,PF04082.24	Complete	None
GML004581	GML004581_mRNA2	PF00172.24,PF04082.24	Partial	Truncated
GML004582	GML004582_mRNA1	PF00428.25,PF00466.26,PF17777.7	Complete	None
GML004583	GML004583_mRNA1		None	None
GML004584	GML004584_mRNA1	PF00886.25	Partial	None
GML004585	GML004585_mRNA1	PF08161.19,PF25772.1	Partial	None
GML004586	GML004586_mRNA1		None	None
GML004587	GML004587_mRNA1	PF02900.24	Partial	None
GML004587	GML004587_mRNA2	PF02900.24	Partial	Unchanged
GML004588	GML004588_mRNA1	PF00884.29	Partial	None
GML004588	GML004588_mRNA2	PF00884.29,PF00884.29	Partial	Unchanged
GML004589	GML004589_mRNA1	PF29124.1	Complete	None
GML004589	GML004589_mRNA2	PF29124.1	Complete	Unchanged
GML004590	GML004590_mRNA1	PF00651.38	Partial	None
GML004591	GML004591_mRNA1	PF05652.18,PF11969.14	Partial	None
GML004592	GML004592_mRNA1	PF00270.36,PF00271.38,PF04851.22,PF13959.12	Complete	None
GML004593	GML004593_mRNA1	PF04801.19	Partial	None
GML004594	GML004594_mRNA1	PF05436.18	Partial	None
GML004595	GML004595_mRNA1		None	None
GML004595	GML004595_mRNA2		None	Unchanged
GML004596	GML004596_mRNA1	PF00443.36,PF00929.32,PF13423.13,PF20770.3	Complete	None
GML004597	GML004597_mRNA1	PF10452.15,PF10452.15	Partial	None
GML004598	GML004598_mRNA1		None	None
GML004599	GML004599_mRNA1	PF01158.24	Partial	None
GML004600	GML004600_mRNA1	PF00830.25	Partial	None
GML004601	GML004601_mRNA1	PF00069.32,PF00168.37,PF00433.30,PF07714.24,PF14531.13	Complete	None
GML004602	GML004602_mRNA1		None	None
GML004603	GML004603_mRNA1	PF01663.28,PF13230.12	Complete	None
GML004604	GML004604_mRNA1	PF04499.21	Partial	None
GML004605	GML004605_mRNA1	PF00829.27	Partial	None
GML004606	GML004606_mRNA1	PF00069.32,PF07714.24,PF14531.13,PF28886.1	Complete	None
GML004607	GML004607_mRNA1	PF08457.16	Partial	None
GML004608	GML004608_mRNA1	PF03901.24	Partial	None
GML004609	GML004609_mRNA1	PF02492.26,PF07683.20	Complete	None
GML004609	GML004609_mRNA2	PF02492.26,PF07683.20	Complete	Unchanged
GML004610	GML004610_mRNA1	PF11711.14	Partial	None
GML004611	GML004611_mRNA1	PF00208.28,PF02812.24	Partial	None
GML004612	GML004612_mRNA1	PF04564.22,PF11789.15	Complete	None
GML004613	GML004613_mRNA1	PF01663.28	Partial	None
GML004614	GML004614_mRNA1	PF01784.25	Partial	None
GML004615	GML004615_mRNA1	PF07690.22,PF12832.14	Partial	None
GML004616	GML004616_mRNA1	PF00412.29,PF00412.29,PF00620.33,PF01722.24	Complete	None
GML004616	GML004616_mRNA2	PF00412.29,PF00412.29,PF00620.33	Complete	Loss
GML004617	GML004617_mRNA1		None	None
GML004618	GML004618_mRNA1		None	None
GML004619	GML004619_mRNA1	PF10181.16	Complete	None
GML004620	GML004620_mRNA1	PF00249.38,PF15963.12	Complete	None
GML004620	GML004620_mRNA2	PF00249.38,PF15963.12	Complete	Unchanged
GML004621	GML004621_mRNA1	PF00400.39,PF00400.39	Complete	None
GML004622	GML004622_mRNA1	PF00850.25,PF09757.16	Complete	None
GML004622	GML004622_mRNA2	PF00850.25,PF09757.16	Complete	Unchanged
GML004623	GML004623_mRNA1	PF00069.32,PF07714.24	Partial	None
GML004623	GML004623_mRNA2	PF00069.32,PF07714.24	Partial	Unchanged
GML004623	GML004623_mRNA3	PF00069.32,PF07714.24	Partial	Unchanged
GML004624	GML004624_mRNA1	PF01189.24,PF21153.4	Partial	None
GML004625	GML004625_mRNA1	PF00180.26	Partial	None
GML004626	GML004626_mRNA1	PF02133.22	Partial	None
GML004626	GML004626_mRNA2	PF02133.22	Partial	Unchanged
GML004627	GML004627_mRNA1	PF01025.25	Partial	None
GML004627	GML004627_mRNA2	PF01025.25	Partial	Unchanged
GML004628	GML004628_mRNA1	PF00561.27	Partial	None
GML004629	GML004629_mRNA1	PF00916.27,PF01740.27	Complete	None
GML004629	GML004629_mRNA2	PF00916.27,PF01740.27	Complete	Unchanged
GML004630	GML004630_mRNA1		None	None
GML004631	GML004631_mRNA1	PF09791.15	Complete	None
GML004631	GML004631_mRNA2	PF09791.15	Complete	Unchanged
GML004632	GML004632_mRNA1		None	None
GML004633	GML004633_mRNA1	PF09734.16,PF17682.7	Partial	None
GML004634	GML004634_mRNA1	PF00056.30,PF02866.24	Partial	None
GML004635	GML004635_mRNA1	PF00096.33	Complete	None
GML004635	GML004635_mRNA2	PF00096.33	Complete	Unchanged
GML004636	GML004636_mRNA1	PF00155.28,PF29413.1,PF29499.1	Partial	None
GML004636	GML004636_mRNA2	PF00155.28	Partial	Loss
GML004637	GML004637_mRNA1	PF03031.25	Partial	None
GML004638	GML004638_mRNA1	PF05495.18,PF13639.13,PF14599.12	Complete	None
GML004638	GML004638_mRNA2	PF05495.18,PF13639.13,PF14599.12	Complete	Unchanged
GML004639	GML004639_mRNA1	PF01805.27,PF01805.27,PF12230.14	Partial	None
GML004640	GML004640_mRNA1	PF01092.25	Partial	None
GML004641	GML004641_mRNA1	PF00319.24	Partial	None
GML004642	GML004642_mRNA1		None	None
GML004642	GML004642_mRNA2		None	Unchanged
GML004643	GML004643_mRNA1		None	None
GML004644	GML004644_mRNA1	PF12931.14,PF12931.14,PF12932.13	Complete	None
GML004644	GML004644_mRNA2	PF12931.14,PF12931.14,PF12932.13	Partial	Truncated
GML004645	GML004645_mRNA1	PF00076.29,PF00076.29,PF00076.29,PF00076.29,PF00658.25,PF13893.13,PF13893.13	Complete	None
GML004646	GML004646_mRNA1	PF00561.27,PF00982.28,PF02358.23	Complete	None
GML004646	GML004646_mRNA2	PF00561.27,PF12146.16	Partial	Truncated,Gain,Loss
GML004647	GML004647_mRNA1	PF02752.28	Complete	None
GML004648	GML004648_mRNA1	PF03839.22	Partial	None
GML004649	GML004649_mRNA1	PF21032.3,PF21032.3	Partial	None
GML004650	GML004650_mRNA1	PF00378.26,PF16113.11	Partial	None
GML004650	GML004650_mRNA2	PF00378.26,PF16113.11	Partial	Unchanged
GML004651	GML004651_mRNA1	PF00022.27	Partial	None
GML004652	GML004652_mRNA1	PF01794.26,PF08022.19,PF08030.18	Complete	None
GML004652	GML004652_mRNA2	PF01794.26,PF08022.19	Complete	Loss
GML004653	GML004653_mRNA1		None	None
GML004653	GML004653_mRNA2		None	Unchanged
GML004654	GML004654_mRNA1		None	None
GML004655	GML004655_mRNA1	PF05903.21	Partial	None
GML004656	GML004656_mRNA1	PF10373.16,PF10374.16	Partial	None
GML004657	GML004657_mRNA1	PF00487.31	Partial	None
GML004657	GML004657_mRNA2	PF00487.31	Partial	Unchanged
GML004657	GML004657_mRNA3	PF00487.31	Partial	Unchanged
GML004657	GML004657_mRNA4	PF00487.31	Partial	Unchanged
GML004658	GML004658_mRNA1	PF03129.26,PF13393.12	Complete	None
GML004658	GML004658_mRNA2	PF03129.26,PF13393.12	Complete	Unchanged
GML004659	GML004659_mRNA1	PF01231.24	Partial	None
GML004660	GML004660_mRNA1		None	None
GML004661	GML004661_mRNA1	PF00018.35,PF03114.24,PF07653.24,PF14604.13	Complete	None
GML004662	GML004662_mRNA1	PF00172.24	Complete	None
GML004663	GML004663_mRNA1	PF00995.29	Partial	None
GML004664	GML004664_mRNA1	PF00004.36,PF05496.19,PF06068.20,PF17856.8	Complete	None
GML004665	GML004665_mRNA1		None	None
GML004666	GML004666_mRNA1	PF03029.24	Partial	None
GML004667	GML004667_mRNA1	PF16450.12	Partial	None
GML004668	GML004668_mRNA1	PF00004.36,PF17862.8	Complete	None
GML004669	GML004669_mRNA1		None	None
GML004670	GML004670_mRNA1	PF00623.26,PF04983.24,PF04997.18,PF04998.23,PF05000.23	Complete	None
GML004671	GML004671_mRNA1	PF05839.17	Partial	None
GML004672	GML004672_mRNA1	PF07989.17	Partial	None
GML004672	GML004672_mRNA2	PF07989.17	Partial	Unchanged
GML004673	GML004673_mRNA1	PF00591.28,PF02885.23	Partial	None
GML004674	GML004674_mRNA1	PF00270.36,PF00270.36,PF00271.38,PF02889.22,PF02889.22,PF04851.22,PF04851.22,PF18149.7,PF21188.3,PF23445.2,PF23445.2	Complete	None
GML004675	GML004675_mRNA1	PF00676.26	Partial	None
GML004676	GML004676_mRNA1		None	None
GML004677	GML004677_mRNA1	PF00227.32	Partial	None
GML004678	GML004678_mRNA1	PF01369.26,PF23633.2	Complete	None
GML004679	GML004679_mRNA1		None	None
GML004680	GML004680_mRNA1	PF18794.9	Partial	None
GML004681	GML004681_mRNA1	PF11635.15,PF20719.3	Complete	None
GML004681	GML004681_mRNA2	PF11635.15,PF20719.3	Complete	Unchanged
GML004682	GML004682_mRNA1	PF00464.26	Partial	None
GML004683	GML004683_mRNA1	PF00069.32,PF07714.24	Partial	None
GML004684	GML004684_mRNA1	PF00450.29,PF05388.17	Partial	None
GML004685	GML004685_mRNA1		None	None
GML004685	GML004685_mRNA2		None	Unchanged
GML004686	GML004686_mRNA1	PF00270.36,PF00271.38,PF04851.22,PF08148.18,PF13234.13,PF21408.3,PF22527.3	Complete	None
GML004687	GML004687_mRNA1	PF00566.26,PF23436.2	Complete	None
GML004688	GML004688_mRNA1	PF00149.34	Partial	None
GML004688	GML004688_mRNA2	PF00149.34	Partial	Unchanged
GML004689	GML004689_mRNA1		None	None
GML004690	GML004690_mRNA1		None	None
GML004690	GML004690_mRNA2		None	Unchanged
GML004690	GML004690_mRNA3		None	Unchanged
GML004691	GML004691_mRNA1		None	None
GML004692	GML004692_mRNA1		None	None
GML004693	GML004693_mRNA1		None	None
GML004693	GML004693_mRNA2		None	Unchanged
GML004694	GML004694_mRNA1	PF09197.17,PF11626.14	Complete	None
GML004695	GML004695_mRNA1	PF00332.25,PF29664.1	Partial	None
GML004696	GML004696_mRNA1	PF00443.36,PF00917.33,PF12436.15,PF13423.13,PF14533.13,PF22486.3	Complete	None
GML004697	GML004697_mRNA1	PF01467.33	Partial	None
GML004698	GML004698_mRNA1	PF13041.13	Complete	None
GML004698	GML004698_mRNA2	PF13041.13	Complete	Unchanged
GML004699	GML004699_mRNA1	PF02847.24,PF02854.26	Complete	None
GML004699	GML004699_mRNA2	PF02847.24,PF02854.26	Complete	Unchanged
GML004700	GML004700_mRNA1	PF00034.27,PF13442.12	Partial	None
GML004701	GML004701_mRNA1	PF05907.19	Partial	None
GML004701	GML004701_mRNA2	PF05907.19	Partial	Unchanged
GML004702	GML004702_mRNA1	PF02114.23	Partial	None
GML004703	GML004703_mRNA1	PF00443.36,PF02148.26,PF13423.13	Complete	None
GML004704	GML004704_mRNA1	PF00005.34,PF00005.34,PF00664.29,PF00664.29	Complete	None
GML004705	GML004705_mRNA1	PF01182.27	Partial	None
GML004706	GML004706_mRNA1	PF08577.17	Complete	None
GML004707	GML004707_mRNA1	PF00179.32,PF29173.1,PF29177.1	Complete	None
GML004707	GML004707_mRNA2	PF00179.32,PF29173.1,PF29177.1	Complete	Unchanged
GML004708	GML004708_mRNA1	PF00400.39,PF00400.39,PF00400.39,PF00400.39	Complete	None
GML004709	GML004709_mRNA1	PF01853.26,PF01853.26,PF11717.15,PF17772.8	Complete	None
GML004710	GML004710_mRNA1	PF31075.1	Partial	None
GML004711	GML004711_mRNA1	PF03095.21	Partial	None
GML004712	GML004712_mRNA1	PF06807.20,PF16573.11,PF16575.12	Complete	None
GML004713	GML004713_mRNA1	PF02268.22,PF02751.21	Partial	None
GML004713	GML004713_mRNA2	PF02268.22,PF02751.21	Partial	Unchanged
GML004714	GML004714_mRNA1	PF00070.34,PF01134.29,PF02852.29,PF07992.21,PF12831.14,PF13738.13	Complete	None
GML004714	GML004714_mRNA2	PF00070.34,PF01134.29,PF02852.29,PF07992.21,PF12831.14,PF13738.13	Complete	Unchanged
GML004715	GML004715_mRNA1	PF03031.25	Partial	None
GML004716	GML004716_mRNA1	PF00400.39,PF00400.39,PF00400.39,PF00400.39,PF04158.20	Complete	None
GML004716	GML004716_mRNA2	PF00400.39,PF00400.39,PF00400.39,PF00400.39,PF04158.20	Complete	Unchanged
GML004716	GML004716_mRNA3	PF00400.39,PF00400.39,PF00400.39,PF04158.20	Complete	Unchanged
GML004717	GML004717_mRNA1	PF00069.32,PF07714.24	Partial	None
GML004717	GML004717_mRNA2	PF00069.32,PF07714.24	Partial	Unchanged
GML004718	GML004718_mRNA1		None	None
GML004718	GML004718_mRNA2		None	Unchanged
GML004719	GML004719_mRNA1		None	None
GML004719	GML004719_mRNA2		None	Unchanged
GML004720	GML004720_mRNA1		None	None
GML004721	GML004721_mRNA1		None	None
GML004721	GML004721_mRNA2		None	Unchanged
GML004722	GML004722_mRNA1	PF00581.26	Complete	None
GML004723	GML004723_mRNA1	PF00400.39,PF00400.39,PF00400.39,PF00400.39,PF00400.39	Complete	None
GML004724	GML004724_mRNA1	PF03398.20	Partial	None
GML004724	GML004724_mRNA2	PF03398.20	Partial	Unchanged
GML004725	GML004725_mRNA1	PF01142.24	Partial	None
GML004726	GML004726_mRNA1		None	None
GML004727	GML004727_mRNA1	PF00225.30,PF16796.12	Partial	None
GML004728	GML004728_mRNA1	PF00069.32,PF00498.32,PF00498.32,PF07714.24,PF14531.13	Complete	None
GML004729	GML004729_mRNA1	PF00854.28	Partial	None
GML004730	GML004730_mRNA1	PF00005.34,PF00005.34,PF00664.29,PF00664.29	Complete	None
GML004730	GML004730_mRNA2	PF00005.34,PF00005.34,PF00664.29,PF00664.29	Complete	Unchanged
GML004731	GML004731_mRNA1	PF08449.18	Partial	None
GML004732	GML004732_mRNA1	PF02263.26,PF05879.19,PF20428.4	Partial	None
GML004733	GML004733_mRNA1	PF00349.28,PF03727.23	Partial	None
GML004734	GML004734_mRNA1	PF01182.27	Partial	None
GML004735	GML004735_mRNA1	PF01979.27,PF07969.18	Partial	None
GML004736	GML004736_mRNA1	PF00226.37,PF29718.1	Partial	None
GML004736	GML004736_mRNA2	PF00226.37,PF29718.1	Partial	Unchanged
GML004737	GML004737_mRNA1		None	None
GML004738	GML004738_mRNA1	PF01817.27	Partial	None
GML004739	GML004739_mRNA1	PF08241.19,PF11899.14	Partial	None
GML004740	GML004740_mRNA1	PF04719.21	Partial	None
GML004741	GML004741_mRNA1		None	None
GML004742	GML004742_mRNA1	PF08241.19,PF13489.13,PF13649.13,PF13847.13	Partial	None
GML004743	GML004743_mRNA1	PF04072.21	Partial	None
GML004744	GML004744_mRNA1	PF11051.15	Partial	None
GML004745	GML004745_mRNA1	PF00787.30	Partial	None
GML004746	GML004746_mRNA1	PF01399.34,PF18261.7,PF22037.3	Complete	None
GML004747	GML004747_mRNA1	PF06814.20,PF21902.2	Partial	None
GML004748	GML004748_mRNA1	PF00787.30,PF03663.21	Complete	None
GML004748	GML004748_mRNA2	PF00787.30,PF03663.21	Complete	Unchanged
GML004748	GML004748_mRNA3	PF03663.21	Partial	Loss
GML004749	GML004749_mRNA1	PF00787.30	Complete	None
GML004749	GML004749_mRNA2	PF00787.30	Complete	Unchanged
GML004750	GML004750_mRNA1		None	None
GML004750	GML004750_mRNA2		None	Unchanged
GML004750	GML004750_mRNA3		None	Unchanged
GML004751	GML004751_mRNA1	PF01417.27,PF02809.27,PF02809.27	Complete	None
GML004752	GML004752_mRNA1	PF00533.34,PF00533.34,PF00533.34,PF12738.14,PF16770.12,PF16771.13	Complete	None
GML004753	GML004753_mRNA1	PF00134.29,PF02984.25	Complete	None
GML004754	GML004754_mRNA1		None	None
GML004755	GML004755_mRNA1		None	None
GML004756	GML004756_mRNA1	PF01221.24	Partial	None
GML004757	GML004757_mRNA1	PF00156.34	Partial	None
GML004757	GML004757_mRNA2	PF00156.34	Partial	Unchanged
GML004758	GML004758_mRNA1		None	None
GML004759	GML004759_mRNA1	PF03439.19,PF11942.14,PF23037.2,PF23042.3,PF23284.3,PF23290.2,PF23291.2	Complete	None
GML004760	GML004760_mRNA1	PF04056.21,PF07975.19,PF13519.13	Complete	None
GML004760	GML004760_mRNA2	PF04056.21,PF13519.13	Partial	Loss
GML004761	GML004761_mRNA1	PF03330.25	Complete	None
GML004761	GML004761_mRNA2	PF03330.25	Complete	Unchanged
GML004762	GML004762_mRNA1	PF00383.30,PF14437.13	Partial	None
GML004763	GML004763_mRNA1	PF00561.27,PF12146.16,PF12697.14	Partial	None
GML004764	GML004764_mRNA1	PF00795.28,PF02540.24	Partial	None
GML004764	GML004764_mRNA2	PF00795.28,PF02540.24	Partial	Unchanged
GML004765	GML004765_mRNA1	PF00560.40,PF10428.15,PF10428.15,PF13855.13	Complete	None
GML004766	GML004766_mRNA1	PF00403.33	Partial	None
GML004767	GML004767_mRNA1	PF01554.24,PF01554.24	Complete	None
GML004767	GML004767_mRNA2	PF04078.20	Partial	Gain,Loss
GML004768	GML004768_mRNA1	PF01554.24,PF01554.24	Complete	None
GML004769	GML004769_mRNA1	PF05291.17	Partial	None
GML004769	GML004769_mRNA2	PF05291.17	Partial	Unchanged
GML004769	GML004769_mRNA3		None	Loss
GML004770	GML004770_mRNA1	PF00387.26,PF00388.26	Complete	None
GML004771	GML004771_mRNA1	PF00117.35,PF00977.28	Partial	None
GML004772	GML004772_mRNA1		None	None
GML004773	GML004773_mRNA1	PF00570.29,PF01612.27,PF08066.18	Complete	None
GML004774	GML004774_mRNA1	PF12756.14	Partial	None
GML004774	GML004774_mRNA2	PF12756.14	Partial	Unchanged
GML004775	GML004775_mRNA1	PF19316.5	Partial	None
GML004775	GML004775_mRNA2		None	Loss
GML004776	GML004776_mRNA1	PF00415.25,PF00415.25,PF00415.25,PF00415.25,PF00415.25,PF00415.25,PF01644.24,PF03142.22,PF08407.18,PF13540.13,PF13540.13,PF13540.13,PF13540.13,PF13540.13,PF13632.13,PF25390.2	Complete	None
GML004776	GML004776_mRNA2	PF00415.25,PF00415.25,PF00415.25,PF00415.25,PF00415.25,PF00415.25,PF01644.24,PF03142.22,PF08407.18,PF13540.13,PF13540.13,PF13540.13,PF13540.13,PF13540.13,PF13632.13,PF25390.2	Complete	Unchanged
GML004777	GML004777_mRNA1		None	None
GML004778	GML004778_mRNA1	PF05916.17,PF25005.2	Complete	None
GML004778	GML004778_mRNA2		None	Loss
GML004779	GML004779_mRNA1	PF05916.17,PF25005.2	Partial	None
GML004779	GML004779_mRNA2	PF05916.17	Partial	Loss
GML004780	GML004780_mRNA1	PF03006.27	Partial	None
GML004780	GML004780_mRNA2		None	Loss
GML004781	GML004781_mRNA1	PF00793.27	Partial	None
GML004782	GML004782_mRNA1	PF02487.24	Partial	None
GML004782	GML004782_mRNA2	PF02487.24	Partial	Unchanged
GML004783	GML004783_mRNA1	PF01553.27,PF19277.5	Partial	None
GML004784	GML004784_mRNA1	PF04488.22	Partial	None
GML004784	GML004784_mRNA2	PF04488.22	Partial	Unchanged
GML004785	GML004785_mRNA1	PF01145.32,PF16200.11	Complete	None
GML004786	GML004786_mRNA1	PF01138.28	Partial	None
GML004787	GML004787_mRNA1	PF09468.17	Partial	None
GML004788	GML004788_mRNA1	PF04172.22	Partial	None
GML004789	GML004789_mRNA1	PF00025.28,PF00071.29,PF08477.20,PF10276.15	Complete	None
GML004789	GML004789_mRNA2	PF00025.28,PF00071.29,PF08477.20	Partial	Loss
GML004790	GML004790_mRNA1	PF10276.15	Complete	None
GML004791	GML004791_mRNA1	PF27710.1	Partial	None
GML004792	GML004792_mRNA1		None	None
GML004793	GML004793_mRNA1	PF00172.24	Partial	None
GML004794	GML004794_mRNA1	PF04193.20,PF04193.20	Complete	None
GML004794	GML004794_mRNA2	PF04193.20,PF04193.20	Complete	Unchanged
GML004795	GML004795_mRNA1	PF00501.35	Partial	None
GML004796	GML004796_mRNA1	PF08209.18	Complete	None
GML004797	GML004797_mRNA1	PF12928.13	Partial	None
GML004797	GML004797_mRNA2		None	Loss
GML004798	GML004798_mRNA1		None	None
GML004798	GML004798_mRNA2		None	Unchanged
GML004799	GML004799_mRNA1	PF03467.22	Partial	None
GML004800	GML004800_mRNA1		None	None
GML004801	GML004801_mRNA1		None	None
GML004801	GML004801_mRNA2		None	Unchanged
GML004802	GML004802_mRNA1		None	None
GML004803	GML004803_mRNA1	PF01794.26	Partial	None
GML004804	GML004804_mRNA1	PF21759.4	Complete	None
GML004805	GML004805_mRNA1	PF10233.15	Partial	None
GML004806	GML004806_mRNA1	PF01926.30,PF02421.25,PF08438.17	Complete	None
GML004807	GML004807_mRNA1	PF00226.37,PF00650.26,PF03765.22	Complete	None
GML004807	GML004807_mRNA2	PF00650.26,PF03765.22	Partial	Loss
GML004808	GML004808_mRNA1	PF00226.37	Partial	None
GML004808	GML004808_mRNA2	PF00226.37	Partial	Unchanged
GML004809	GML004809_mRNA1	PF00117.35,PF00218.29,PF00884.29,PF01663.28,PF01676.24,PF04987.20,PF07722.20	Complete	None
GML004809	GML004809_mRNA2	PF00884.29,PF01663.28,PF01676.24,PF04987.20	Partial	Loss
GML004810	GML004810_mRNA1	PF00117.35,PF00218.29,PF07722.20	Partial	None
GML004811	GML004811_mRNA1	PF14616.12	Complete	None
GML004812	GML004812_mRNA1	PF08324.18,PF09070.17	Partial	None
GML004813	GML004813_mRNA1	PF02383.24,PF13865.12	Complete	None
GML004813	GML004813_mRNA2	PF02383.24	Partial	Loss
GML004814	GML004814_mRNA1	PF13865.12	Complete	None
GML004815	GML004815_mRNA1		None	None
GML004816	GML004816_mRNA1	PF07690.22	Partial	None
GML004817	GML004817_mRNA1		None	None
GML004818	GML004818_mRNA1	PF00153.33,PF00153.33,PF00153.33	Complete	None
GML004819	GML004819_mRNA1		None	None
GML004820	GML004820_mRNA1		None	None
GML004820	GML004820_mRNA2		None	Unchanged
GML004821	GML004821_mRNA1	PF08208.17	Partial	None
GML004821	GML004821_mRNA2	PF08208.17	Partial	Unchanged
GML004822	GML004822_mRNA1		None	None
GML004823	GML004823_mRNA1		None	None
GML004824	GML004824_mRNA1	PF03737.22	Partial	None
GML004825	GML004825_mRNA1		None	None
GML004826	GML004826_mRNA1	PF00069.32,PF07714.24	Partial	None
GML004826	GML004826_mRNA2	PF00069.32,PF07714.24	Partial	Unchanged
GML004827	GML004827_mRNA1	PF00069.32,PF07714.24	Partial	None
GML004827	GML004827_mRNA2	PF00069.32,PF07714.24	Partial	Unchanged
GML004828	GML004828_mRNA1	PF00069.32,PF00786.34,PF03109.23,PF07714.24,PF14531.13	Complete	None
GML004828	GML004828_mRNA2	PF00069.32,PF00786.34,PF03109.23,PF07714.24,PF14531.13	Complete	Unchanged
GML004829	GML004829_mRNA1	PF09729.16	Partial	None
GML004829	GML004829_mRNA2	PF09729.16	Partial	Unchanged
GML004830	GML004830_mRNA1	PF12937.13,PF29466.1,PF29474.1,PF29477.1	Complete	None
GML004831	GML004831_mRNA1	PF02186.22,PF18121.8,PF22254.2	Complete	None
GML004832	GML004832_mRNA1		None	None
GML004833	GML004833_mRNA1		None	None
GML004834	GML004834_mRNA1	PF02136.27	Partial	None
GML004834	GML004834_mRNA2	PF02136.27	Partial	Unchanged
GML004835	GML004835_mRNA1		None	None
GML004836	GML004836_mRNA1	PF08312.18	Partial	None
GML004837	GML004837_mRNA1	PF00328.28	Partial	None
GML004838	GML004838_mRNA1		None	None
GML004838	GML004838_mRNA2		None	Unchanged
GML004839	GML004839_mRNA1		None	None
GML004840	GML004840_mRNA1	PF00892.27,PF00892.27	Partial	None
GML004841	GML004841_mRNA1		None	None
GML004842	GML004842_mRNA1	PF03061.29	Partial	None
GML004843	GML004843_mRNA1	PF00733.28,PF13522.13,PF13537.12	Partial	None
GML004843	GML004843_mRNA2	PF00733.28,PF13522.13,PF13537.12	Partial	Unchanged
GML004844	GML004844_mRNA1	PF01055.33,PF21365.4	Complete	None
GML004844	GML004844_mRNA2	PF01055.33,PF21365.4	Complete	Unchanged
GML004845	GML004845_mRNA1		None	None
GML004846	GML004846_mRNA1	PF00646.39,PF08297.17,PF12937.13	Complete	None
GML004846	GML004846_mRNA2	PF00646.39,PF12937.13	Complete	Loss
GML004847	GML004847_mRNA1	PF08297.17	Partial	None
GML004848	GML004848_mRNA1		None	None
GML004849	GML004849_mRNA1	PF02535.29	Partial	None
GML004850	GML004850_mRNA1	PF01734.28,PF11815.14	Partial	None
GML004851	GML004851_mRNA1	PF01735.24	Partial	None
GML004852	GML004852_mRNA1	PF13691.13	Partial	None
GML004853	GML004853_mRNA1	PF10341.17	Partial	None
GML004854	GML004854_mRNA1		None	None
GML004855	GML004855_mRNA1	PF00181.31,PF03947.25	Partial	None
GML004856	GML004856_mRNA1		None	None
GML004857	GML004857_mRNA1		None	None
GML004858	GML004858_mRNA1	PF00248.28	Partial	None
GML004859	GML004859_mRNA1	PF00175.27,PF00970.31	Partial	None
GML004859	GML004859_mRNA2	PF00175.27,PF00970.31	Partial	Unchanged
GML004860	GML004860_mRNA1		None	None
GML004861	GML004861_mRNA1		None	None
GML004862	GML004862_mRNA1	PF00091.32,PF03953.23	Complete	None
GML004863	GML004863_mRNA1	PF01154.23,PF08540.17	Partial	None
GML004864	GML004864_mRNA1	PF01565.29,PF04030.20	Partial	None
GML004864	GML004864_mRNA2	PF01565.29,PF04030.20	Partial	Unchanged
GML004865	GML004865_mRNA1	PF04615.19	Partial	None
GML004866	GML004866_mRNA1		None	None
GML004867	GML004867_mRNA1		None	None
GML004868	GML004868_mRNA1	PF00005.34,PF00005.34,PF00385.31,PF08232.18,PF24984.2,PF24987.2,PF24988.3	Complete	None
GML004868	GML004868_mRNA2	PF00005.34,PF00005.34,PF00385.31,PF24984.2,PF24987.2,PF24988.3	Complete	Loss,Truncated
GML004869	GML004869_mRNA1	PF00227.32	Partial	None
GML004870	GML004870_mRNA1		None	None
GML004871	GML004871_mRNA1		None	None
GML004871	GML004871_mRNA2		None	Unchanged
GML004872	GML004872_mRNA1		None	None
GML004873	GML004873_mRNA1		None	None
GML004874	GML004874_mRNA1	PF04669.20	Partial	None
GML004875	GML004875_mRNA1	PF01593.31,PF13450.13	Partial	None
GML004875	GML004875_mRNA2	PF01593.31,PF13450.13	Partial	Unchanged
GML004876	GML004876_mRNA1	PF00565.24,PF00565.24,PF00565.24,PF00567.31,PF10032.15	Complete	None
GML004876	GML004876_mRNA2	PF00565.24,PF00565.24,PF00567.31,PF10032.15	Complete	Unchanged
GML004876	GML004876_mRNA3	PF00565.24,PF00565.24,PF00565.24,PF00567.31	Complete	Loss
GML004877	GML004877_mRNA1	PF10032.15	Partial	None
GML004878	GML004878_mRNA1	PF28952.1	Complete	None
GML004879	GML004879_mRNA1	PF02630.22	Partial	None
GML004880	GML004880_mRNA1		None	None
GML004880	GML004880_mRNA2		None	Unchanged
GML004881	GML004881_mRNA1	PF00013.36	Complete	None
GML004881	GML004881_mRNA2	PF00013.36	Complete	Unchanged
GML004882	GML004882_mRNA1	PF05721.20	Partial	None
GML004883	GML004883_mRNA1	PF00498.32	Partial	None
GML004884	GML004884_mRNA1	PF12090.14	Partial	None
GML004885	GML004885_mRNA1	PF06058.20	Partial	None
GML004886	GML004886_mRNA1		None	None
GML004887	GML004887_mRNA1	PF00578.28,PF08534.17	Partial	None
GML004888	GML004888_mRNA1	PF00472.27	Partial	None
GML004889	GML004889_mRNA1	PF11957.14	Partial	None
GML004890	GML004890_mRNA1	PF12231.14	Partial	None
GML004890	GML004890_mRNA2	PF12231.14	Partial	Unchanged
GML004891	GML004891_mRNA1	PF00069.32,PF01909.30,PF03828.25,PF07714.24,PF22600.3	Complete	None
GML004891	GML004891_mRNA2	PF01909.30,PF03828.25,PF22600.3	Complete	Loss,Truncated
GML004892	GML004892_mRNA1	PF00025.28,PF00071.29,PF08477.20	Partial	None
GML004893	GML004893_mRNA1		None	None
GML004894	GML004894_mRNA1		None	None
GML004894	GML004894_mRNA2		None	Unchanged
GML004895	GML004895_mRNA1		None	None
GML004896	GML004896_mRNA1		None	None
GML004896	GML004896_mRNA2		None	Unchanged
GML004897	GML004897_mRNA1	PF00248.28	Partial	None
GML004898	GML004898_mRNA1	PF00246.30	Partial	None
GML004899	GML004899_mRNA1	PF00582.33	Partial	None
GML004899	GML004899_mRNA2	PF00582.33	Partial	Unchanged
GML004900	GML004900_mRNA1		None	None
GML004900	GML004900_mRNA2		None	Unchanged
GML004901	GML004901_mRNA1	PF00514.30,PF00514.30,PF00514.30,PF00514.30,PF00514.30,PF00514.30,PF00514.30,PF00514.30,PF01749.27,PF13513.13,PF13513.13,PF16186.12	Complete	None
GML004902	GML004902_mRNA1		None	None
GML004903	GML004903_mRNA1	PF00491.27	Partial	None
GML004904	GML004904_mRNA1		None	None
GML004905	GML004905_mRNA1		None	None
GML004906	GML004906_mRNA1		None	None
GML004907	GML004907_mRNA1		None	None
GML004908	GML004908_mRNA1	PF03639.20,PF17652.8	Partial	None
GML004908	GML004908_mRNA2	PF03639.20,PF17652.8	Partial	Unchanged
GML004909	GML004909_mRNA1	PF07690.22	Partial	None
GML004910	GML004910_mRNA1	PF00251.27,PF08244.20	Complete	None
GML004910	GML004910_mRNA2	PF00251.27,PF08244.20	Complete	Unchanged
GML004911	GML004911_mRNA1	PF05730.17	Partial	None
GML004912	GML004912_mRNA1	PF00339.35	Partial	None
GML004912	GML004912_mRNA2	PF00339.35	Partial	Unchanged
GML004913	GML004913_mRNA1		None	None
GML004914	GML004914_mRNA1	PF00578.28,PF08534.17	Partial	None
GML004914	GML004914_mRNA2	PF00578.28	Partial	Loss
GML004915	GML004915_mRNA1		None	None
GML004916	GML004916_mRNA1	PF00213.24	Partial	None
GML004916	GML004916_mRNA2	PF00213.24	Partial	Unchanged
GML004917	GML004917_mRNA1		None	None
GML004918	GML004918_mRNA1		None	None
GML004918	GML004918_mRNA2		None	Unchanged
GML004918	GML004918_mRNA3		None	Unchanged
GML004919	GML004919_mRNA1	PF29133.1	Partial	None
GML004919	GML004919_mRNA2	PF29133.1	Partial	Unchanged
GML004920	GML004920_mRNA1		None	None
GML004921	GML004921_mRNA1	PF01545.27	Partial	None
GML004921	GML004921_mRNA2	PF01545.27	Partial	Unchanged
GML004921	GML004921_mRNA3	PF01545.27,PF01545.27	Partial	Unchanged
GML004922	GML004922_mRNA1	PF10448.15	Partial	None
GML004923	GML004923_mRNA1	PF00926.25	Partial	None
GML004924	GML004924_mRNA1	PF00773.26,PF13638.13,PF17215.10,PF17216.10,PF17849.8	Complete	None
GML004925	GML004925_mRNA1	PF10277.16	Partial	None
GML004926	GML004926_mRNA1	PF04982.20	Partial	None
GML004927	GML004927_mRNA1	PF22799.3	Complete	None
GML004928	GML004928_mRNA1		None	None
GML004929	GML004929_mRNA1	PF07859.20,PF10340.16	Partial	None
GML004930	GML004930_mRNA1	PF07859.20,PF10340.16	Partial	None
GML004931	GML004931_mRNA1	PF07859.20,PF10340.16	Partial	None
GML004932	GML004932_mRNA1	PF04006.18	Partial	None
GML004933	GML004933_mRNA1	PF01728.26	Partial	None
GML004933	GML004933_mRNA2	PF01728.26	Partial	Unchanged
GML004934	GML004934_mRNA1		None	None
GML004935	GML004935_mRNA1	PF10287.17,PF10290.15	Partial	None
GML004936	GML004936_mRNA1		None	None
GML004937	GML004937_mRNA1	PF28268.1,PF28337.2	Complete	None
GML004938	GML004938_mRNA1	PF01613.25	Partial	None
GML004938	GML004938_mRNA2	PF01613.25	Partial	Unchanged
GML004939	GML004939_mRNA1	PF03568.24	Complete	None
GML004940	GML004940_mRNA1	PF01753.25	Complete	None
GML004941	GML004941_mRNA1	PF11274.15	Partial	None
GML004942	GML004942_mRNA1	PF19031.7	Partial	None
GML004943	GML004943_mRNA1	PF00004.36,PF03215.22	Partial	None
GML004944	GML004944_mRNA1		None	None
GML004945	GML004945_mRNA1	PF00009.34,PF03144.32,PF09173.18	Complete	None
GML004946	GML004946_mRNA1	PF00004.36,PF00610.28,PF00615.25,PF13191.13,PF13401.13,PF14629.13,PF25889.1	Complete	None
GML004946	GML004946_mRNA2	PF00610.28,PF00615.25,PF25889.1	Complete	Loss,Truncated
GML004947	GML004947_mRNA1	PF01243.28	Partial	None
GML004948	GML004948_mRNA1		None	None
GML004949	GML004949_mRNA1	PF12734.13	Complete	None
GML004950	GML004950_mRNA1		None	None
GML004951	GML004951_mRNA1	PF00642.31	Partial	None
GML004951	GML004951_mRNA2	PF00642.31	Partial	Unchanged
GML004952	GML004952_mRNA1	PF08302.17	Partial	None
GML004953	GML004953_mRNA1	PF03169.21	Partial	None
GML004954	GML004954_mRNA1	PF00177.28	Partial	None
GML004955	GML004955_mRNA1	PF07690.22,PF07690.22,PF13347.13	Partial	None
GML004956	GML004956_mRNA1	PF00004.36,PF04212.25,PF07728.21,PF09336.17,PF17862.8	Complete	None
GML004957	GML004957_mRNA1	PF10309.16,PF10309.16	Partial	None
GML004957	GML004957_mRNA2	PF10309.16,PF10309.16	Partial	Unchanged
GML004958	GML004958_mRNA1		None	None
GML004959	GML004959_mRNA1	PF06728.20	Partial	None
GML004960	GML004960_mRNA1		None	None
GML004961	GML004961_mRNA1	PF00675.26,PF05193.27	Partial	None
GML004962	GML004962_mRNA1	PF01192.28	Partial	None
GML004963	GML004963_mRNA1		None	None
GML004964	GML004964_mRNA1	PF00022.27	Partial	None
GML004965	GML004965_mRNA1	PF14681.13	Partial	None
GML004966	GML004966_mRNA1	PF01423.29	Partial	None
GML004967	GML004967_mRNA1	PF01302.32,PF14560.13	Complete	None
GML004968	GML004968_mRNA1	PF07543.18	Partial	None
GML004969	GML004969_mRNA1	PF00400.39,PF00400.39,PF00400.39	Complete	None
GML004969	GML004969_mRNA2	PF00400.39,PF00400.39,PF00400.39	Complete	Unchanged
GML004970	GML004970_mRNA1	PF11705.14	Partial	None
GML004970	GML004970_mRNA2	PF11705.14	Partial	Unchanged
GML004971	GML004971_mRNA1	PF01569.28,PF14378.13	Complete	None
GML004972	GML004972_mRNA1		None	None
GML004973	GML004973_mRNA1		None	None
GML004974	GML004974_mRNA1	PF00168.37	Partial	None
GML004975	GML004975_mRNA1		None	None
GML004976	GML004976_mRNA1	PF12824.14	Partial	None
GML004977	GML004977_mRNA1	PF03801.20,PF24487.2	Complete	None
GML004978	GML004978_mRNA1		None	None
GML004979	GML004979_mRNA1	PF05093.19,PF16803.12	Complete	None
GML004980	GML004980_mRNA1	PF00505.26,PF09011.17	Partial	None
GML004981	GML004981_mRNA1	PF06148.18	Partial	None
GML004981	GML004981_mRNA2	PF06148.18	Partial	Unchanged
GML004982	GML004982_mRNA1		None	None
GML004983	GML004983_mRNA1	PF13634.12,PF13634.12,PF13634.12,PF13634.12,PF13634.12,PF13634.12,PF13874.12	Complete	None
GML004983	GML004983_mRNA2	PF13634.12,PF13634.12,PF13634.12,PF13634.12,PF13634.12,PF13634.12,PF13874.12	Complete	Unchanged
GML004984	GML004984_mRNA1		None	None
GML004985	GML004985_mRNA1	PF00270.36,PF00271.38,PF04408.30,PF07717.23,PF21010.3	Complete	None
GML004986	GML004986_mRNA1	PF02569.22,PF02569.22	Partial	None
GML004987	GML004987_mRNA1	PF00756.27,PF12146.16,PF12697.14	Partial	None
GML004988	GML004988_mRNA1	PF07690.22	Partial	None
GML004989	GML004989_mRNA1	PF11765.14,PF15789.11,PF15789.11	Complete	None
GML004989	GML004989_mRNA2	PF11765.14,PF15789.11,PF15789.11	Complete	Unchanged
GML004990	GML004990_mRNA1	PF00026.29	Partial	None
GML004991	GML004991_mRNA1	PF00324.28,PF13520.13	Partial	None
GML004992	GML004992_mRNA1	PF20493.4	Partial	None
GML004993	GML004993_mRNA1	PF07690.22	Partial	None
GML004993	GML004993_mRNA2	PF07690.22	Partial	Unchanged
GML004994	GML004994_mRNA1	PF01738.25,PF12146.16,PF12697.14,PF12740.15	Partial	None
GML004995	GML004995_mRNA1	PF00082.28,PF05922.22	Partial	None
GML004995	GML004995_mRNA2	PF00082.28,PF05922.22	Partial	Unchanged
GML004996	GML004996_mRNA1	PF01370.28	Partial	None
GML004997	GML004997_mRNA1		None	None
GML004998	GML004998_mRNA1	PF00724.27	Partial	None
GML004999	GML004999_mRNA1	PF00933.28,PF01915.28,PF07691.18,PF14310.13	Complete	None
GML005000	GML005000_mRNA1	PF00083.31,PF06609.19,PF07690.22	Partial	None
GML005000	GML005000_mRNA2	PF00083.31,PF06609.19,PF07690.22	Partial	Unchanged
GML005001	GML005001_mRNA1	PF00172.24,PF16846.11	Partial	None
GML005002	GML005002_mRNA1		None	None
GML005003	GML005003_mRNA1	PF07690.22	Partial	None
GML005004	GML005004_mRNA1	PF07690.22	Partial	None
GML005005	GML005005_mRNA1		None	None
GML005006	GML005006_mRNA1	PF00083.31,PF00083.31,PF07690.22,PF07690.22	Partial	None
GML005007	GML005007_mRNA1		None	None
GML005008	GML005008_mRNA1		None	None
GML005009	GML005009_mRNA1	PF00107.33,PF13602.13,PF16884.11	Partial	None
GML005009	GML005009_mRNA2	PF00107.33,PF16884.11	Partial	Loss
GML005010	GML005010_mRNA1	PF04991.21	Complete	None
GML005011	GML005011_mRNA1		None	None
GML005012	GML005012_mRNA1		None	None
GML005013	GML005013_mRNA1	PF00083.31,PF06609.19,PF07690.22	Partial	None
GML005014	GML005014_mRNA1	PF00083.31,PF07690.22	Partial	None
GML005015	GML005015_mRNA1		None	None
GML005016	GML005016_mRNA1	PF00083.31,PF07690.22	Partial	None
GML005017	GML005017_mRNA1	PF02469.28	Partial	None
GML005018	GML005018_mRNA1	PF00076.29	Partial	None
GML005019	GML005019_mRNA1	PF04299.19	Partial	None
GML005020	GML005020_mRNA1	PF00106.32,PF01073.26,PF01370.28,PF16363.12	Partial	None
GML005021	GML005021_mRNA1		None	None
GML005022	GML005022_mRNA1		None	None
GML005023	GML005023_mRNA1		None	None
GML005023	GML005023_mRNA2		None	Unchanged
GML005024	GML005024_mRNA1	PF01988.25	Partial	None
GML005025	GML005025_mRNA1	PF00083.31,PF07690.22	Partial	None
GML005026	GML005026_mRNA1	PF00023.37,PF00023.37,PF00023.37,PF00023.37,PF12796.14,PF12796.14,PF12796.14,PF13606.13,PF13606.13,PF13606.13,PF13637.13,PF13637.13,PF13637.13,PF13857.13,PF13857.13	Complete	None
GML005027	GML005027_mRNA1	PF01284.29	Partial	None
GML005028	GML005028_mRNA1	PF04147.18,PF04147.18	Partial	None
GML005029	GML005029_mRNA1	PF04109.22	Partial	None
GML005029	GML005029_mRNA2	PF04109.22	Partial	Unchanged
GML005029	GML005029_mRNA3		None	Loss
GML005030	GML005030_mRNA1	PF04109.22	Partial	None
GML005030	GML005030_mRNA2	PF04109.22	Partial	Unchanged
GML005031	GML005031_mRNA1	PF01073.26,PF01370.28,PF07993.19,PF13460.13	Partial	None
GML005032	GML005032_mRNA1	PF01073.26,PF01370.28	Partial	None
GML005033	GML005033_mRNA1	PF03935.23	Partial	None
GML005034	GML005034_mRNA1	PF03935.23	Partial	None
GML005035	GML005035_mRNA1	PF00109.33,PF02801.29	Complete	None
GML005036	GML005036_mRNA1		None	None
GML005037	GML005037_mRNA1	PF00096.33,PF00096.33	Complete	None
GML005038	GML005038_mRNA1		None	None
GML005039	GML005039_mRNA1	PF08637.17	Partial	None
GML005040	GML005040_mRNA1	PF00227.32,PF10584.15	Partial	None
GML005041	GML005041_mRNA1	PF10190.15	Partial	None
GML005042	GML005042_mRNA1		None	None
GML005043	GML005043_mRNA1	PF02902.26	Partial	None
GML005044	GML005044_mRNA1	PF00557.30,PF05195.23	Partial	None
GML005045	GML005045_mRNA1	PF01145.32	Partial	None
GML005046	GML005046_mRNA1		None	None
GML005047	GML005047_mRNA1	PF00025.28,PF00071.29,PF01926.30,PF04670.19,PF08477.20,PF09439.17	Partial	None
GML005048	GML005048_mRNA1	PF00831.29	Partial	None
GML005049	GML005049_mRNA1	PF04564.22,PF10408.15	Complete	None
GML005050	GML005050_mRNA1	PF00756.27,PF12146.16,PF12697.14	Partial	None
GML005050	GML005050_mRNA2	PF00756.27,PF12146.16,PF12697.14	Partial	Unchanged
GML005050	GML005050_mRNA3	PF00756.27,PF12146.16,PF12697.14	Partial	Unchanged
GML005051	GML005051_mRNA1	PF00172.24,PF24990.1	Complete	None
GML005052	GML005052_mRNA1		None	None
GML005053	GML005053_mRNA1	PF00324.28,PF13520.13	Partial	None
GML005054	GML005054_mRNA1		None	None
GML005055	GML005055_mRNA1	PF12157.14,PF15288.12	Complete	None
GML005056	GML005056_mRNA1		None	None
GML005057	GML005057_mRNA1	PF00929.32	Partial	None
GML005057	GML005057_mRNA2	PF00929.32	Partial	Unchanged
GML005058	GML005058_mRNA1		None	None
GML005059	GML005059_mRNA1		None	None
GML005060	GML005060_mRNA1	PF00009.34,PF00679.31,PF14492.13,PF22042.3,PF25118.2	Complete	None
GML005060	GML005060_mRNA2	PF00009.34,PF00679.31,PF14492.13,PF25118.2	Complete	Loss
GML005061	GML005061_mRNA1		None	None
GML005062	GML005062_mRNA1	PF00270.36,PF00271.38	Complete	None
GML005063	GML005063_mRNA1	PF00156.34,PF13537.12	Complete	None
GML005064	GML005064_mRNA1	PF01849.24	Partial	None
GML005064	GML005064_mRNA2	PF01849.24	Partial	Unchanged
GML005065	GML005065_mRNA1	PF06813.20,PF07690.22	Partial	None
GML005066	GML005066_mRNA1	PF00270.36,PF00271.38	Complete	None
GML005067	GML005067_mRNA1	PF00076.29,PF16131.12	Complete	None
GML005068	GML005068_mRNA1		None	None
GML005069	GML005069_mRNA1		None	None
GML005070	GML005070_mRNA1		None	None
GML005071	GML005071_mRNA1	PF07690.22	Partial	None
GML005071	GML005071_mRNA2	PF07690.22	Partial	Unchanged
GML005072	GML005072_mRNA1	PF00199.25,PF06628.18	Complete	None
GML005073	GML005073_mRNA1	PF08652.18	Partial	None
GML005074	GML005074_mRNA1	PF07738.20	Partial	None
GML005075	GML005075_mRNA1	PF00270.36,PF00271.38,PF04851.22	Complete	None
GML005076	GML005076_mRNA1	PF14475.12,PF14477.12	Complete	None
GML005077	GML005077_mRNA1	PF00696.34,PF01118.31,PF02774.24,PF04768.21,PF22698.2	Complete	None
GML005077	GML005077_mRNA2	PF00696.34,PF01118.31,PF02774.24,PF04768.21,PF22698.2	Complete	Unchanged
GML005078	GML005078_mRNA1		None	None
GML005079	GML005079_mRNA1		None	None
GML005079	GML005079_mRNA2		None	Unchanged
GML005080	GML005080_mRNA1	PF17315.10,PF17315.10,PF17315.10	Complete	None
GML005081	GML005081_mRNA1	PF11176.14	Partial	None
GML005082	GML005082_mRNA1	PF17052.11	Partial	None
GML005083	GML005083_mRNA1	PF21072.4	Partial	None
GML005084	GML005084_mRNA1	PF01885.23	Partial	None
GML005085	GML005085_mRNA1	PF05347.22	Partial	None
GML005086	GML005086_mRNA1	PF10395.15,PF22542.1	Partial	None
GML005087	GML005087_mRNA1	PF12451.14,PF17122.11,PF23266.2,PF23341.2,PF23356.2	Complete	None
GML005087	GML005087_mRNA2	PF12451.14,PF17122.11,PF23266.2,PF23341.2,PF23356.2	Complete	Unchanged
GML005088	GML005088_mRNA1		None	None
GML005089	GML005089_mRNA1	PF02453.24	Partial	None
GML005090	GML005090_mRNA1	PF02390.24	Partial	None
GML005090	GML005090_mRNA2	PF02390.24	Partial	Unchanged
GML005091	GML005091_mRNA1	PF00466.26,PF28227.1	Complete	None
GML005092	GML005092_mRNA1	PF00035.33,PF00636.32,PF14622.12,PF18497.7	Complete	None
GML005093	GML005093_mRNA1		None	None
GML005094	GML005094_mRNA1	PF00244.27	Partial	None
GML005095	GML005095_mRNA1	PF00735.25,PF01926.30	Partial	None
GML005096	GML005096_mRNA1		None	None
GML005096	GML005096_mRNA2		None	Unchanged
GML005097	GML005097_mRNA1	PF00172.24	Partial	None
GML005098	GML005098_mRNA1	PF00149.34	Partial	None
GML005099	GML005099_mRNA1	PF00046.36	Complete	None
GML005100	GML005100_mRNA1	PF00400.39,PF00400.39,PF00400.39,PF00400.39,PF24805.2	Complete	None
GML005101	GML005101_mRNA1	PF01738.25	Partial	None
GML005102	GML005102_mRNA1	PF01656.30,PF02374.22,PF13614.13	Partial	None
GML005103	GML005103_mRNA1		None	None
GML005104	GML005104_mRNA1	PF11309.14	Partial	None
GML005105	GML005105_mRNA1	PF11309.14	Partial	None
GML005106	GML005106_mRNA1	PF11309.14	Partial	None
GML005107	GML005107_mRNA1	PF11309.14	Partial	None
GML005108	GML005108_mRNA1	PF09696.16	Partial	None
GML005109	GML005109_mRNA1	PF12697.14,PF13350.12	Partial	None
GML005110	GML005110_mRNA1	PF04157.23	Partial	None
GML005111	GML005111_mRNA1	PF01416.26	Complete	None
GML005111	GML005111_mRNA2	PF01416.26	Complete	Unchanged
GML005112	GML005112_mRNA1	PF00270.36,PF00271.38,PF13959.12,PF23681.2	Complete	None
GML005113	GML005113_mRNA1	PF00899.28	Partial	None
GML005114	GML005114_mRNA1	PF00097.32,PF03105.25,PF13445.13,PF13639.13,PF13920.13	Complete	None
GML005115	GML005115_mRNA1	PF00070.34,PF07992.21,PF22366.2	Complete	None
GML005116	GML005116_mRNA1	PF07200.19	Partial	None
GML005116	GML005116_mRNA2	PF07200.19	Partial	Unchanged
GML005117	GML005117_mRNA1	PF04383.20	Partial	None
GML005118	GML005118_mRNA1		None	None
GML005119	GML005119_mRNA1	PF10058.15,PF31016.1	Complete	None
GML005120	GML005120_mRNA1	PF01849.24,PF19026.8	Complete	None
GML005121	GML005121_mRNA1	PF00122.26,PF13246.13,PF16209.11,PF16212.12	Complete	None
GML005121	GML005121_mRNA2	PF00122.26,PF13246.13,PF16209.11,PF16212.12,PF16212.12	Complete	Unchanged
GML005122	GML005122_mRNA1	PF10996.15,PF13299.12,PF16661.12	Complete	None
GML005122	GML005122_mRNA2	PF10996.15,PF13299.12,PF16661.12	Complete	Unchanged
GML005123	GML005123_mRNA1	PF03914.24,PF07540.17	Complete	None
GML005124	GML005124_mRNA1	PF00067.28	Partial	None
GML005124	GML005124_mRNA2	PF00067.28	Partial	Unchanged
GML005125	GML005125_mRNA1	PF00393.25,PF03446.22	Partial	None
GML005125	GML005125_mRNA2	PF00393.25,PF03446.22	Partial	Unchanged
GML005125	GML005125_mRNA3	PF00393.25,PF03446.22	Partial	Unchanged
GML005126	GML005126_mRNA1	PF01747.24,PF14306.13	Partial	None
GML005126	GML005126_mRNA2	PF01747.24,PF14306.13	Partial	Unchanged
GML005127	GML005127_mRNA1	PF12689.14	Partial	None
GML005128	GML005128_mRNA1	PF24245.2	Partial	None
GML005129	GML005129_mRNA1	PF07539.19,PF20416.5,PF23099.2	Complete	None
GML005129	GML005129_mRNA2	PF07539.19,PF20416.5,PF23099.2	Complete	Unchanged
GML005130	GML005130_mRNA1	PF02582.20	Partial	None
GML005131	GML005131_mRNA1	PF23305.2	Partial	None
GML005132	GML005132_mRNA1	PF01987.24	Partial	None
GML005133	GML005133_mRNA1	PF01504.25	Partial	None
GML005134	GML005134_mRNA1		None	None
GML005135	GML005135_mRNA1	PF06999.18	Partial	None
GML005136	GML005136_mRNA1	PF00085.27,PF07749.18,PF13905.13	Complete	None
GML005136	GML005136_mRNA2	PF00085.27,PF07749.18,PF13905.13	Complete	Unchanged
GML005137	GML005137_mRNA1	PF05768.21	Partial	None
GML005138	GML005138_mRNA1	PF00106.32,PF08659.17,PF13561.13	Partial	None
GML005139	GML005139_mRNA1	PF05057.22	Partial	None
GML005140	GML005140_mRNA1	PF00676.26,PF02779.30,PF16078.11,PF16870.11	Complete	None
GML005141	GML005141_mRNA1	PF08566.16	Partial	None
GML005142	GML005142_mRNA1	PF00176.30,PF00271.38,PF00439.31,PF04851.22,PF07529.19,PF11496.15,PF14619.12	Complete	None
GML005143	GML005143_mRNA1	PF00141.29	Partial	None
GML005143	GML005143_mRNA2	PF00141.29	Partial	Unchanged
GML005144	GML005144_mRNA1	PF00347.29,PF00347.29	Partial	None
GML005145	GML005145_mRNA1	PF00800.24	Partial	None
GML005146	GML005146_mRNA1	PF12678.14,PF12861.14	Partial	None
GML005147	GML005147_mRNA1	PF05983.17	Partial	None
GML005148	GML005148_mRNA1	PF01602.27,PF12717.14	Partial	None
GML005149	GML005149_mRNA1		None	None
GML005150	GML005150_mRNA1	PF04603.19	Partial	None
GML005151	GML005151_mRNA1	PF04488.22	Partial	None
GML005151	GML005151_mRNA2	PF04488.22	Partial	Unchanged
GML005152	GML005152_mRNA1	PF01488.27,PF03435.25,PF16653.11	Partial	None
GML005153	GML005153_mRNA1	PF10644.16,PF14881.13	Partial	None
GML005154	GML005154_mRNA1	PF00226.37,PF00684.26,PF01556.24	Complete	None
GML005155	GML005155_mRNA1	PF08320.18	Partial	None
GML005156	GML005156_mRNA1	PF04191.19	Partial	None
GML005157	GML005157_mRNA1	PF09783.15	Partial	None
GML005158	GML005158_mRNA1	PF17110.11	Partial	None
GML005158	GML005158_mRNA2		None	Loss
GML005159	GML005159_mRNA1	PF03167.26	Partial	None
GML005160	GML005160_mRNA1	PF10104.15	Partial	None
GML005161	GML005161_mRNA1	PF00172.24,PF11951.14	Partial	None
GML005162	GML005162_mRNA1	PF00005.34,PF00005.34,PF00664.29,PF00664.29	Complete	None
GML005163	GML005163_mRNA1	PF00899.28,PF00899.28,PF09358.16,PF10585.15,PF16190.12,PF16191.11	Complete	None
GML005164	GML005164_mRNA1	PF00085.27	Partial	None
GML005165	GML005165_mRNA1	PF21711.4	Partial	None
GML005166	GML005166_mRNA1	PF01238.28,PF20511.5,PF20512.4	Complete	None
GML005167	GML005167_mRNA1	PF00076.29	Partial	None
GML005168	GML005168_mRNA1	PF09420.16	Partial	None
GML005168	GML005168_mRNA2	PF09420.16	Partial	Unchanged
GML005169	GML005169_mRNA1	PF01656.30,PF02374.22,PF06564.19,PF09140.18,PF10609.16	Partial	None
GML005169	GML005169_mRNA2	PF01656.30,PF02374.22,PF06564.19,PF09140.18,PF10609.16	Partial	Unchanged
GML005170	GML005170_mRNA1		None	None
GML005171	GML005171_mRNA1		None	None
GML005172	GML005172_mRNA1	PF00790.26	Partial	None
GML005173	GML005173_mRNA1	PF00009.34,PF03143.24,PF03144.32,PF22594.3	Complete	None
GML005174	GML005174_mRNA1	PF03770.23	Partial	None
GML005175	GML005175_mRNA1	PF00804.32,PF05739.27	Complete	None
GML005176	GML005176_mRNA1	PF02133.22	Partial	None
GML005177	GML005177_mRNA1	PF07690.22	Partial	None
GML005178	GML005178_mRNA1		None	None
GML005178	GML005178_mRNA2		None	Unchanged
GML005179	GML005179_mRNA1	PF03997.18	Partial	None
GML005180	GML005180_mRNA1	PF10075.16	Partial	None
GML005181	GML005181_mRNA1	PF00733.28,PF00733.28,PF13522.13,PF13537.12	Partial	None
GML005182	GML005182_mRNA1	PF02668.23	Partial	None
GML005183	GML005183_mRNA1	PF02037.34,PF18592.7	Complete	None
GML005184	GML005184_mRNA1	PF00493.30,PF01078.28,PF02656.21,PF07728.21,PF14551.12,PF17207.10,PF17855.8	Complete	None
GML005185	GML005185_mRNA1	PF10330.15	Partial	None
GML005186	GML005186_mRNA1	PF09598.16	Partial	None
GML005187	GML005187_mRNA1	PF01369.26,PF09324.16,PF12783.14,PF16213.12,PF20252.4	Complete	None
GML005188	GML005188_mRNA1	PF00109.33,PF01648.26,PF02801.29,PF18314.7,PF18325.8	Complete	None
GML005189	GML005189_mRNA1		None	None
GML005190	GML005190_mRNA1		None	None
GML005191	GML005191_mRNA1		None	None
GML005192	GML005192_mRNA1	PF07690.22	Partial	None
GML005193	GML005193_mRNA1	PF11561.15,PF11561.15	Partial	None
GML005194	GML005194_mRNA1	PF00350.30,PF01031.26,PF02212.24	Complete	None
GML005194	GML005194_mRNA2	PF00350.30,PF01031.26,PF02212.24	Complete	Unchanged
GML005194	GML005194_mRNA3	PF00350.30,PF01031.26,PF02212.24	Complete	Unchanged
GML005195	GML005195_mRNA1	PF00724.27	Partial	None
GML005196	GML005196_mRNA1	PF04258.19	Partial	None
GML005197	GML005197_mRNA1	PF04597.20,PF04597.20	Partial	None
GML005198	GML005198_mRNA1	PF00076.29	Partial	None
GML005199	GML005199_mRNA1	PF00160.27	Partial	None
GML005200	GML005200_mRNA1	PF00724.27	Partial	None
GML005201	GML005201_mRNA1	PF00227.32	Partial	None
GML005202	GML005202_mRNA1		None	None
GML005203	GML005203_mRNA1	PF01012.28	Partial	None
GML005204	GML005204_mRNA1	PF21041.4,PF21042.3	Complete	None
GML005204	GML005204_mRNA2	PF21041.4,PF21042.3	Complete	Unchanged
GML005204	GML005204_mRNA3	PF21041.4,PF21042.3	Complete	Unchanged
GML005205	GML005205_mRNA1	PF10785.15,PF12853.13	Partial	None
GML005206	GML005206_mRNA1	PF04117.18	Complete	None
GML005207	GML005207_mRNA1	PF10450.17	Partial	None
GML005207	GML005207_mRNA2	PF10450.17	Partial	Unchanged
GML005208	GML005208_mRNA1		None	None
GML005208	GML005208_mRNA2		None	Unchanged
GML005208	GML005208_mRNA3		None	Unchanged
GML005209	GML005209_mRNA1	PF08511.17	Complete	None
GML005210	GML005210_mRNA1	PF01920.26	Partial	None
GML005211	GML005211_mRNA1	PF28746.1	Partial	None
GML005212	GML005212_mRNA1	PF04707.21	Partial	None
GML005213	GML005213_mRNA1	PF00324.28,PF13520.13	Partial	None
GML005214	GML005214_mRNA1	PF01595.26	Partial	None
GML005215	GML005215_mRNA1	PF00069.32,PF07714.24	Partial	None
GML005215	GML005215_mRNA2		None	Loss
GML005216	GML005216_mRNA1	PF03619.23	Partial	None
GML005216	GML005216_mRNA2	PF03619.23	Partial	Unchanged
GML005217	GML005217_mRNA1	PF14877.12	Partial	None
GML005218	GML005218_mRNA1	PF00172.24,PF04082.24	Partial	None
GML005219	GML005219_mRNA1	PF01073.26,PF01370.28,PF07993.19	Partial	None
GML005220	GML005220_mRNA1	PF00925.26	Partial	None
GML005221	GML005221_mRNA1	PF00037.33,PF00037.33,PF12838.13,PF13183.12,PF13187.12,PF13237.12	Complete	None
GML005222	GML005222_mRNA1	PF00005.34,PF00005.34,PF01061.30,PF01061.30,PF06422.19,PF14510.12,PF19055.7	Complete	None
GML005223	GML005223_mRNA1	PF01532.27	Partial	None
GML005224	GML005224_mRNA1	PF01063.25	Partial	None
GML005224	GML005224_mRNA2	PF01063.25	Partial	Unchanged
GML005224	GML005224_mRNA3	PF01063.25	Partial	Unchanged
GML005225	GML005225_mRNA1	PF08569.18	Partial	None
GML005225	GML005225_mRNA2	PF08569.18,PF08569.18	Partial	Unchanged
GML005226	GML005226_mRNA1	PF04157.23,PF11605.15,PF16988.11	Complete	None
GML005227	GML005227_mRNA1	PF00474.24	Partial	None
GML005227	GML005227_mRNA2	PF00474.24	Partial	Unchanged
GML005227	GML005227_mRNA3	PF00474.24	Partial	Unchanged
GML005228	GML005228_mRNA1	PF00289.29,PF00364.29,PF01425.27,PF02222.28,PF02626.21,PF02682.22,PF02785.26,PF02786.23,PF07478.19,PF21986.2	Complete	None
GML005229	GML005229_mRNA1	PF00583.32,PF10394.16,PF21184.4	Complete	None
GML005230	GML005230_mRNA1	PF13805.12	Partial	None
GML005231	GML005231_mRNA1	PF04825.19	Partial	None
GML005231	GML005231_mRNA2	PF04825.19	Partial	Unchanged
GML005232	GML005232_mRNA1	PF02221.21	Partial	None
GML005233	GML005233_mRNA1	PF00916.27,PF01740.27	Complete	None
GML005234	GML005234_mRNA1	PF03583.21	Partial	None
GML005235	GML005235_mRNA1	PF00320.34	Complete	None
GML005236	GML005236_mRNA1		None	None
GML005237	GML005237_mRNA1	PF03239.21	Partial	None
GML005238	GML005238_mRNA1		None	None
GML005239	GML005239_mRNA1	PF13513.13,PF25574.2	Complete	None
GML005240	GML005240_mRNA1	PF08510.18	Partial	None
GML005241	GML005241_mRNA1	PF02222.28,PF02222.28,PF02786.23,PF02786.23,PF02787.27,PF07478.19,PF07478.19,PF25596.2,PF25596.2	Complete	None
GML005241	GML005241_mRNA2	PF02222.28,PF02786.23,PF02786.23,PF02787.27,PF07478.19,PF25596.2,PF25596.2	Complete	Truncated
GML005242	GML005242_mRNA1	PF14938.13	Partial	None
GML005243	GML005243_mRNA1	PF03980.20	Partial	None
GML005244	GML005244_mRNA1	PF00312.28	Complete	None
GML005245	GML005245_mRNA1	PF00849.28	Partial	None
GML005245	GML005245_mRNA2	PF00849.28	Partial	Unchanged
GML005245	GML005245_mRNA3	PF00849.28	Partial	Unchanged
GML005246	GML005246_mRNA1		None	None
GML005246	GML005246_mRNA2		None	Unchanged
GML005247	GML005247_mRNA1	PF00320.34,PF25026.2	Complete	None
GML005248	GML005248_mRNA1	PF02878.23,PF02879.24,PF02880.23,PF24947.2	Complete	None
GML005249	GML005249_mRNA1	PF00155.28	Partial	None
GML005250	GML005250_mRNA1	PF00083.31,PF07690.22	Partial	None
GML005251	GML005251_mRNA1	PF00083.31,PF07690.22	Partial	None
GML005252	GML005252_mRNA1		None	None
GML005253	GML005253_mRNA1	PF11968.15	Partial	None
GML005254	GML005254_mRNA1	PF00270.36,PF00271.38	Complete	None
GML005255	GML005255_mRNA1	PF03463.22,PF03464.21,PF03465.21,PF18854.7,PF18859.7	Complete	None
GML005256	GML005256_mRNA1	PF03381.21	Partial	None
GML005257	GML005257_mRNA1		None	None
GML005258	GML005258_mRNA1	PF00069.32,PF07714.24	Partial	None
GML005258	GML005258_mRNA2	PF00069.32,PF07714.24	Partial	Unchanged
GML005258	GML005258_mRNA3	PF00069.32,PF07714.24	Partial	Unchanged
GML005259	GML005259_mRNA1	PF00097.32,PF04757.20	Complete	None
GML005260	GML005260_mRNA1	PF00400.39	Complete	None
GML005260	GML005260_mRNA2	PF00400.39	Complete	Unchanged
GML005261	GML005261_mRNA1	PF03343.19,PF19252.5,PF19252.5	Partial	None
GML005262	GML005262_mRNA1		None	None
GML005263	GML005263_mRNA1		None	None
GML005264	GML005264_mRNA1	PF03810.26,PF08389.19,PF24138.2,PF24139.2,PF24140.2	Complete	None
GML005264	GML005264_mRNA2	PF03810.26,PF08389.19,PF24138.2,PF24139.2,PF24140.2	Complete	Unchanged
GML005265	GML005265_mRNA1	PF00625.28,PF00910.29	Partial	None
GML005266	GML005266_mRNA1	PF00069.32,PF07714.24	Partial	None
GML005267	GML005267_mRNA1	PF00069.32,PF03109.23,PF07714.24	Partial	None
GML005268	GML005268_mRNA1		None	None
GML005269	GML005269_mRNA1	PF00070.34,PF07992.21	Complete	None
GML005270	GML005270_mRNA1	PF11488.16	Complete	None
GML005271	GML005271_mRNA1	PF00106.32,PF08659.17,PF13561.13	Partial	None
GML005271	GML005271_mRNA2	PF00106.32,PF08659.17,PF13561.13	Partial	Unchanged
GML005271	GML005271_mRNA3	PF00106.32,PF08659.17,PF13561.13	Partial	Unchanged
GML005271	GML005271_mRNA4	PF00106.32,PF08659.17,PF13561.13	Partial	Unchanged
GML005272	GML005272_mRNA1	PF11093.14	Partial	None
GML005273	GML005273_mRNA1	PF00179.32	Partial	None
GML005273	GML005273_mRNA2	PF00179.32	Partial	Unchanged
GML005274	GML005274_mRNA1	PF05557.19	Partial	None
GML005274	GML005274_mRNA2	PF05557.19	Partial	Unchanged
GML005275	GML005275_mRNA1		None	None
GML005276	GML005276_mRNA1	PF06424.18,PF13428.13	Complete	None
GML005277	GML005277_mRNA1	PF00400.39,PF00400.39,PF12265.15	Complete	None
GML005278	GML005278_mRNA1	PF01344.32,PF13422.12,PF24681.2	Complete	None
GML005279	GML005279_mRNA1	PF00398.27,PF13649.13	Partial	None
GML005280	GML005280_mRNA1		None	None
GML005281	GML005281_mRNA1		None	None
GML005282	GML005282_mRNA1	PF00408.27,PF02878.23,PF02878.23,PF21404.4,PF21405.3	Complete	None
GML005283	GML005283_mRNA1	PF00565.24	Partial	None
GML005284	GML005284_mRNA1	PF09816.15	Partial	None
GML005285	GML005285_mRNA1	PF07426.17	Partial	None
GML005285	GML005285_mRNA2	PF07426.17	Partial	Unchanged
GML005286	GML005286_mRNA1		None	None
GML005287	GML005287_mRNA1	PF17078.11	Partial	None
GML005288	GML005288_mRNA1	PF29630.1	Partial	None
GML005289	GML005289_mRNA1	PF00266.26	Partial	None
GML005290	GML005290_mRNA1	PF00226.37,PF23302.2	Partial	None
GML005291	GML005291_mRNA1	PF00204.32,PF00521.27,PF01751.29,PF02518.32,PF16898.11	Complete	None
GML005291	GML005291_mRNA2	PF00204.32,PF00521.27,PF01751.29,PF02518.32,PF16898.11	Complete	Truncated
GML005291	GML005291_mRNA3	PF00204.32,PF00521.27,PF01751.29,PF02518.32,PF16898.11	Complete	Truncated
GML005292	GML005292_mRNA1		None	None
GML005293	GML005293_mRNA1	PF10262.16	Partial	None
GML005294	GML005294_mRNA1	PF08550.16	Partial	None
GML005295	GML005295_mRNA1		None	None
GML005296	GML005296_mRNA1	PF02845.23	Complete	None
GML005297	GML005297_mRNA1		None	None
GML005298	GML005298_mRNA1		None	None
GML005299	GML005299_mRNA1	PF00320.34	Complete	None
GML005299	GML005299_mRNA2	PF00320.34	Complete	Unchanged
GML005300	GML005300_mRNA1	PF13242.13,PF13344.13	Complete	None
GML005301	GML005301_mRNA1	PF00590.26,PF13241.13	Partial	None
GML005302	GML005302_mRNA1	PF12753.14	Partial	None
GML005303	GML005303_mRNA1	PF01428.24	Complete	None
GML005304	GML005304_mRNA1	PF30356.1	Partial	None
GML005305	GML005305_mRNA1	PF04051.22	Partial	None
GML005306	GML005306_mRNA1	PF04116.20	Partial	None
GML005307	GML005307_mRNA1	PF01209.25,PF08241.19,PF08242.19,PF13489.13,PF13649.13,PF13847.13	Partial	None
GML005307	GML005307_mRNA2	PF01209.25,PF08241.19,PF08242.19,PF13489.13,PF13649.13,PF13847.13	Partial	Unchanged
GML005307	GML005307_mRNA3	PF01209.25,PF08241.19,PF08242.19,PF13489.13,PF13649.13,PF13847.13	Partial	Unchanged
GML005308	GML005308_mRNA1	PF02678.23,PF05726.20	Partial	None
GML005309	GML005309_mRNA1	PF09507.17	Partial	None
GML005309	GML005309_mRNA2	PF09507.17	Partial	Unchanged
GML005310	GML005310_mRNA1		None	None
GML005311	GML005311_mRNA1	PF02668.23	Partial	None
GML005312	GML005312_mRNA1		None	None
GML005312	GML005312_mRNA2		None	Unchanged
GML005313	GML005313_mRNA1	PF27641.1	Partial	None
GML005314	GML005314_mRNA1		None	None
GML005314	GML005314_mRNA2		None	Unchanged
GML005315	GML005315_mRNA1	PF00069.32,PF03109.23,PF07714.24	Partial	None
GML005315	GML005315_mRNA2	PF00069.32,PF03109.23,PF07714.24	Partial	Unchanged
GML005316	GML005316_mRNA1		None	None
GML005317	GML005317_mRNA1		None	None
GML005318	GML005318_mRNA1	PF28917.1	Partial	None
GML005318	GML005318_mRNA2	PF28917.1	Partial	Unchanged
GML005319	GML005319_mRNA1	PF00928.27,PF01217.27	Partial	None
GML005320	GML005320_mRNA1	PF02112.22,PF12706.14	Partial	None
GML005321	GML005321_mRNA1	PF00227.32	Partial	None
GML005322	GML005322_mRNA1		None	None
GML005323	GML005323_mRNA1	PF04190.20	Partial	None
GML005324	GML005324_mRNA1	PF00293.35	Partial	None
GML005325	GML005325_mRNA1	PF27909.1,PF30624.1	Complete	None
GML005326	GML005326_mRNA1	PF16860.11	Partial	None
GML005327	GML005327_mRNA1	PF10502.15,PF10502.15	Partial	None
GML005328	GML005328_mRNA1	PF04991.21	Complete	None
GML005328	GML005328_mRNA2	PF04991.21	Complete	Unchanged
GML005329	GML005329_mRNA1	PF11704.14	Partial	None
GML005330	GML005330_mRNA1		None	None
GML005330	GML005330_mRNA2		None	Unchanged
GML005331	GML005331_mRNA1	PF00660.23	Partial	None
GML005332	GML005332_mRNA1		None	None
GML005333	GML005333_mRNA1		None	None
GML005334	GML005334_mRNA1	PF00400.39,PF00400.39,PF00400.39,PF00400.39,PF00400.39,PF00400.39,PF04494.21,PF08513.18	Complete	None
GML005335	GML005335_mRNA1	PF06432.17	Partial	None
GML005336	GML005336_mRNA1	PF17242.8	Partial	None
GML005336	GML005336_mRNA2	PF17242.8	Partial	Unchanged
GML005337	GML005337_mRNA1	PF00349.28,PF03727.23	Partial	None
GML005338	GML005338_mRNA1	PF08219.17	Partial	None
GML005339	GML005339_mRNA1	PF04032.23	Partial	None
GML005340	GML005340_mRNA1	PF00227.32,PF10584.15	Partial	None
GML005341	GML005341_mRNA1	PF00752.24,PF00867.24,PF04096.21,PF13634.12,PF13634.12,PF13634.12,PF13634.12,PF13634.12,PF13634.12,PF13634.12	Complete	None
GML005341	GML005341_mRNA2	PF00752.24,PF00867.24,PF04096.21,PF13634.12,PF13634.12,PF13634.12,PF13634.12,PF13634.12,PF13634.12,PF13634.12	Complete	Unchanged
GML005341	GML005341_mRNA3	PF00752.24,PF00867.24,PF04096.21,PF13634.12,PF13634.12,PF13634.12,PF13634.12,PF13634.12,PF13634.12,PF13634.12	Complete	Unchanged
GML005342	GML005342_mRNA1	PF01261.31	Partial	None
GML005343	GML005343_mRNA1	PF21762.4	Partial	None
GML005343	GML005343_mRNA2	PF21762.4	Partial	Unchanged
GML005344	GML005344_mRNA1	PF10193.15	Complete	None
GML005344	GML005344_mRNA2	PF10193.15	Complete	Unchanged
GML005344	GML005344_mRNA3	PF10193.15	Complete	Unchanged
GML005345	GML005345_mRNA1	PF02225.28,PF04253.21,PF04389.23	Complete	None
GML005345	GML005345_mRNA2	PF02225.28,PF04253.21,PF04389.23	Complete	Unchanged
GML005346	GML005346_mRNA1	PF00172.24,PF11951.14	Partial	None
GML005346	GML005346_mRNA2	PF00172.24,PF11951.14	Partial	Unchanged
GML005347	GML005347_mRNA1	PF01546.34,PF04389.23	Partial	None
GML005348	GML005348_mRNA1	PF07690.22	Partial	None
GML005349	GML005349_mRNA1	PF07690.22	Partial	None
GML005350	GML005350_mRNA1		None	None
GML005351	GML005351_mRNA1		None	None
GML005352	GML005352_mRNA1	PF11765.14	Partial	None
GML005353	GML005353_mRNA1	PF00083.31,PF07690.22	Partial	None
GML005354	GML005354_mRNA1	PF00005.34,PF00005.34,PF00664.29,PF00664.29	Complete	None
GML005354	GML005354_mRNA2	PF00005.34,PF00005.34,PF00664.29,PF00664.29	Complete	Unchanged
GML005355	GML005355_mRNA1	PF00205.29,PF02775.27,PF02776.24	Complete	None
GML005356	GML005356_mRNA1	PF01070.25	Partial	None
GML005357	GML005357_mRNA1	PF11765.14	Partial	None
GML005358	GML005358_mRNA1		None	None
GML005359	GML005359_mRNA1	PF00082.28,PF01483.28	Complete	None
GML005360	GML005360_mRNA1		None	None
GML005360	GML005360_mRNA2		None	Unchanged
GML005361	GML005361_mRNA1		None	None
GML005362	GML005362_mRNA1	PF00689.27	Partial	None
GML005363	GML005363_mRNA1	PF01432.27	Partial	None
GML005363	GML005363_mRNA2	PF01432.27	Partial	Unchanged
GML005364	GML005364_mRNA1	PF07690.22	Partial	None
GML005364	GML005364_mRNA2	PF07690.22	Partial	Unchanged
GML005365	GML005365_mRNA1		None	None
GML005366	GML005366_mRNA1	PF11765.14,PF15789.11,PF20646.3,PF20646.3	Complete	None
GML005367	GML005367_mRNA1	PF11765.14,PF15789.11,PF15789.11,PF15789.11,PF15789.11,PF15789.11,PF15789.11,PF15789.11,PF15789.11,PF15789.11,PF15789.11,PF15789.11,PF15789.11,PF15789.11,PF15789.11,PF15789.11,PF15789.11	Complete	None
GML005368	GML005368_mRNA1	PF11051.15	Partial	None
GML005369	GML005369_mRNA1	PF01425.27	Partial	None
GML005370	GML005370_mRNA1	PF00474.24	Partial	None
GML005371	GML005371_mRNA1		None	None
GML005372	GML005372_mRNA1	PF00026.29	Partial	None
GML005373	GML005373_mRNA1	PF00026.29	Partial	None
GML005373	GML005373_mRNA2	PF00026.29	Partial	Unchanged
GML005374	GML005374_mRNA1		None	None
GML005375	GML005375_mRNA1		None	None
GML005376	GML005376_mRNA1		None	None
GML005377	GML005377_mRNA1	PF01794.26,PF08022.19,PF08030.18	Complete	None
GML005378	GML005378_mRNA1		None	None
GML005379	GML005379_mRNA1	PF00067.28	Partial	None
GML005380	GML005380_mRNA1	PF01425.27	Partial	None
GML005381	GML005381_mRNA1	PF16575.12	Partial	None
GML005382	GML005382_mRNA1	PF03388.22	Partial	None
GML005383	GML005383_mRNA1	PF10291.15	Complete	None
GML005384	GML005384_mRNA1	PF00909.27	Partial	None
GML005385	GML005385_mRNA1	PF03676.20,PF14580.13	Complete	None
GML005385	GML005385_mRNA2	PF03676.20,PF14580.13	Complete	Unchanged
GML005386	GML005386_mRNA1	PF00628.36,PF00628.36,PF01331.26,PF03919.22,PF13831.13	Complete	None
GML005386	GML005386_mRNA2	PF01331.26,PF03919.22	Complete	Loss,Truncated
GML005387	GML005387_mRNA1	PF01920.26	Partial	None
GML005388	GML005388_mRNA1	PF22998.3	Partial	None
GML005389	GML005389_mRNA1		None	None
GML005389	GML005389_mRNA2		None	Unchanged
GML005389	GML005389_mRNA3		None	Unchanged
GML005390	GML005390_mRNA1		None	None
GML005391	GML005391_mRNA1	PF05920.18	Complete	None
GML005392	GML005392_mRNA1	PF03081.23	Partial	None
GML005393	GML005393_mRNA1	PF08302.17,PF08303.18,PF08303.18,PF09511.16	Complete	None
GML005393	GML005393_mRNA2	PF08302.17,PF08303.18,PF08303.18,PF09511.16	Complete	Unchanged
GML005394	GML005394_mRNA1	PF03630.21	Partial	None
GML005395	GML005395_mRNA1		None	None
GML005395	GML005395_mRNA2		None	Unchanged
GML005396	GML005396_mRNA1		None	None
GML005397	GML005397_mRNA1	PF05648.20	Partial	None
GML005397	GML005397_mRNA2	PF05648.20	Partial	Unchanged
GML005397	GML005397_mRNA3	PF05648.20	Partial	Unchanged
GML005398	GML005398_mRNA1	PF00291.32	Partial	None
GML005399	GML005399_mRNA1		None	None
GML005400	GML005400_mRNA1		None	None
GML005401	GML005401_mRNA1	PF12998.13	Partial	None
GML005402	GML005402_mRNA1		None	None
GML005403	GML005403_mRNA1	PF00172.24,PF04082.24	Partial	None
GML005404	GML005404_mRNA1	PF17104.11	Partial	None
GML005405	GML005405_mRNA1	PF01195.27	Partial	None
GML005406	GML005406_mRNA1	PF01734.28,PF11815.14	Complete	None
GML005406	GML005406_mRNA2	PF01734.28,PF11815.14	Complete	Unchanged
GML005406	GML005406_mRNA3		None	Loss
GML005407	GML005407_mRNA1		None	None
GML005408	GML005408_mRNA1	PF00702.33	Partial	None
GML005409	GML005409_mRNA1	PF00240.30,PF00627.38,PF00627.38,PF09280.17,PF11976.15	Complete	None
GML005410	GML005410_mRNA1	PF11223.14	Complete	None
GML005411	GML005411_mRNA1	PF00557.30,PF01321.25,PF16188.11,PF16189.12	Complete	None
GML005412	GML005412_mRNA1	PF02463.26,PF06470.19,PF13476.13,PF13555.13	Complete	None
GML005413	GML005413_mRNA1	PF05958.18	Partial	None
GML005413	GML005413_mRNA2	PF05958.18	Partial	Unchanged
GML005413	GML005413_mRNA3	PF05958.18	Partial	Unchanged
GML005414	GML005414_mRNA1	PF02847.24,PF02854.26	Complete	None
GML005415	GML005415_mRNA1	PF00004.36,PF17862.8	Complete	None
GML005416	GML005416_mRNA1	PF00076.29,PF10443.16	Complete	None
GML005417	GML005417_mRNA1	PF02902.26	Partial	None
GML005417	GML005417_mRNA2	PF02902.26	Partial	Unchanged
GML005418	GML005418_mRNA1	PF02656.21,PF09359.16	Complete	None
GML005418	GML005418_mRNA2	PF02656.21,PF09359.16	Complete	Unchanged
GML005419	GML005419_mRNA1	PF01217.27	Partial	None
GML005420	GML005420_mRNA1	PF07524.20	Partial	None
GML005421	GML005421_mRNA1	PF00134.29	Partial	None
GML005422	GML005422_mRNA1	PF01398.27	Partial	None
GML005423	GML005423_mRNA1		None	None
GML005424	GML005424_mRNA1	PF01522.27,PF03065.21	Partial	None
GML005425	GML005425_mRNA1		None	None
GML005426	GML005426_mRNA1	PF00258.31,PF02525.23,PF03358.21	Partial	None
GML005427	GML005427_mRNA1	PF00258.31,PF03358.21	Partial	None
GML005428	GML005428_mRNA1	PF00258.31,PF03358.21	Partial	None
GML005429	GML005429_mRNA1	PF01243.28,PF10590.15	Complete	None
GML005429	GML005429_mRNA2	PF01243.28,PF10590.15	Complete	Unchanged
GML005430	GML005430_mRNA1	PF12937.13,PF13621.13	Partial	None
GML005430	GML005430_mRNA2	PF12937.13,PF13621.13	Partial	Unchanged
GML005431	GML005431_mRNA1	PF01783.30	Partial	None
GML005432	GML005432_mRNA1	PF00735.25,PF01926.30	Partial	None
GML005433	GML005433_mRNA1	PF01501.27	Partial	None
GML005434	GML005434_mRNA1	PF01910.23	Partial	None
GML005434	GML005434_mRNA2	PF01910.23	Partial	Unchanged
GML005435	GML005435_mRNA1		None	None
GML005436	GML005436_mRNA1		None	None
GML005437	GML005437_mRNA1	PF07690.22	Partial	None
GML005438	GML005438_mRNA1	PF00153.33,PF00153.33,PF00153.33	Complete	None
GML005439	GML005439_mRNA1	PF00153.33,PF00153.33,PF00153.33	Complete	None
GML005440	GML005440_mRNA1	PF01412.24	Partial	None
GML005441	GML005441_mRNA1	PF00173.34	Partial	None
GML005441	GML005441_mRNA2	PF00173.34	Partial	Unchanged
GML005442	GML005442_mRNA1		None	None
GML005443	GML005443_mRNA1	PF00515.35,PF00515.35,PF07719.24,PF13181.13,PF13181.13,PF13181.13,PF13432.13,PF13432.13,PF17830.7,PF17830.7	Complete	None
GML005444	GML005444_mRNA1	PF00172.24,PF04082.24	Partial	None
GML005445	GML005445_mRNA1	PF00172.24,PF04082.24	Partial	None
GML005445	GML005445_mRNA2	PF00172.24,PF04082.24	Partial	Unchanged
GML005446	GML005446_mRNA1	PF12569.15,PF12569.15,PF31234.1	Partial	None
GML005446	GML005446_mRNA2	PF12569.15,PF12569.15,PF31234.1	Partial	Unchanged
GML005446	GML005446_mRNA3	PF12569.15,PF12569.15,PF31234.1	Partial	Unchanged
GML005447	GML005447_mRNA1	PF04178.19	Partial	None
GML005448	GML005448_mRNA1		None	None
GML005449	GML005449_mRNA1	PF00566.26,PF23436.2	Partial	None
GML005450	GML005450_mRNA1	PF08733.16	Partial	None
GML005450	GML005450_mRNA2	PF08733.16	Partial	Unchanged
GML005451	GML005451_mRNA1	PF00383.30,PF00849.28	Complete	None
GML005451	GML005451_mRNA2	PF00383.30,PF00849.28	Complete	Unchanged
GML005452	GML005452_mRNA1		None	None
GML005452	GML005452_mRNA2		None	Unchanged
GML005453	GML005453_mRNA1	PF11931.15,PF12171.15,PF12874.14,PF16837.11,PF16958.11	Complete	None
GML005454	GML005454_mRNA1	PF22669.3	Partial	None
GML005455	GML005455_mRNA1	PF03291.23	Partial	None
GML005456	GML005456_mRNA1	PF03959.20	Partial	None
GML005457	GML005457_mRNA1	PF04179.18,PF17184.10	Complete	None
GML005458	GML005458_mRNA1	PF08243.17	Complete	None
GML005459	GML005459_mRNA1	PF01900.25	Partial	None
GML005459	GML005459_mRNA2	PF01900.25	Partial	Unchanged
GML005460	GML005460_mRNA1	PF13174.13,PF13181.13,PF13432.13,PF13432.13,PF14559.13	Complete	None
GML005461	GML005461_mRNA1	PF02752.28	Complete	None
GML005462	GML005462_mRNA1	PF03446.22,PF14833.12	Partial	None
GML005463	GML005463_mRNA1	PF05368.20,PF13460.13	Partial	None
GML005464	GML005464_mRNA1	PF09347.16	Partial	None
GML005465	GML005465_mRNA1	PF03099.25,PF21948.2	Partial	None
GML005466	GML005466_mRNA1	PF01868.22	Complete	None
GML005467	GML005467_mRNA1	PF05158.19	Partial	None
GML005468	GML005468_mRNA1		None	None
GML005469	GML005469_mRNA1	PF00185.31,PF02729.27	Partial	None
GML005469	GML005469_mRNA2	PF00185.31,PF02729.27	Partial	Unchanged
GML005470	GML005470_mRNA1	PF00083.31,PF07690.22	Partial	None
GML005470	GML005470_mRNA2	PF00083.31,PF07690.22	Partial	Unchanged
GML005471	GML005471_mRNA1	PF00076.29,PF00076.29,PF13893.13	Complete	None
GML005471	GML005471_mRNA2	PF00076.29,PF00076.29,PF13893.13	Complete	Unchanged
GML005472	GML005472_mRNA1	PF00170.27,PF07716.21	Complete	None
GML005473	GML005473_mRNA1		None	None
GML005474	GML005474_mRNA1		None	None
GML005475	GML005475_mRNA1	PF01679.23	Partial	None
GML005476	GML005476_mRNA1	PF00561.27,PF12146.16,PF12697.14	Partial	None
GML005476	GML005476_mRNA2	PF00561.27,PF12146.16,PF12697.14	Partial	Unchanged
GML005477	GML005477_mRNA1	PF00488.28,PF01624.26,PF05188.24,PF05190.24,PF05192.24	Complete	None
GML005478	GML005478_mRNA1		None	None
GML005479	GML005479_mRNA1	PF00023.37,PF12796.14,PF13606.13,PF13637.13	Complete	None
GML005480	GML005480_mRNA1	PF10360.15	Complete	None
GML005481	GML005481_mRNA1		None	None
GML005482	GML005482_mRNA1		None	None
GML005483	GML005483_mRNA1	PF00096.33,PF00096.33,PF12874.14	Complete	None
GML005484	GML005484_mRNA1	PF00096.33,PF00096.33,PF12874.14	Complete	None
GML005485	GML005485_mRNA1	PF22799.3	Complete	None
GML005486	GML005486_mRNA1	PF00069.32,PF07714.24,PF07714.24	Complete	None
GML005487	GML005487_mRNA1		None	None
GML005488	GML005488_mRNA1		None	None
GML005488	GML005488_mRNA2		None	Unchanged
GML005489	GML005489_mRNA1	PF23220.2,PF23231.2,PF23233.2,PF23240.2	Complete	None
GML005489	GML005489_mRNA2	PF23220.2,PF23231.2,PF23233.2,PF23240.2	Complete	Unchanged
GML005490	GML005490_mRNA1	PF17076.14,PF22874.1	Complete	None
GML005491	GML005491_mRNA1	PF00888.30,PF10557.16,PF26557.1	Complete	None
GML005491	GML005491_mRNA2	PF00888.30,PF10557.16,PF26557.1	Complete	Unchanged
GML005492	GML005492_mRNA1	PF00330.26,PF00694.26,PF27434.2	Complete	None
GML005492	GML005492_mRNA2	PF00330.26,PF00694.26,PF27434.2	Complete	Unchanged
GML005493	GML005493_mRNA1		None	None
GML005494	GML005494_mRNA1		None	None
GML005494	GML005494_mRNA2		None	Unchanged
GML005495	GML005495_mRNA1	PF02423.22	Partial	None
GML005495	GML005495_mRNA2	PF02423.22	Partial	Unchanged
GML005496	GML005496_mRNA1	PF00245.26	Partial	None
GML005497	GML005497_mRNA1	PF00083.31,PF07690.22	Partial	None
GML005497	GML005497_mRNA2	PF00083.31,PF07690.22	Partial	Unchanged
GML005498	GML005498_mRNA1	PF01212.28	Partial	None
GML005499	GML005499_mRNA1		None	None
GML005499	GML005499_mRNA2		None	Unchanged
GML005500	GML005500_mRNA1		None	None
GML005501	GML005501_mRNA1		None	None
GML005502	GML005502_mRNA1		None	None
GML005503	GML005503_mRNA1	PF01417.27	Partial	None
GML005504	GML005504_mRNA1	PF00240.30,PF00240.30,PF00240.30,PF00240.30,PF00240.30,PF11976.15,PF11976.15,PF11976.15,PF11976.15,PF11976.15,PF14560.13,PF14560.13,PF14560.13,PF14560.13,PF14560.13	Complete	None
GML005505	GML005505_mRNA1	PF13001.14,PF23731.2,PF24492.2	Complete	None
GML005505	GML005505_mRNA2	PF13001.14,PF23731.2,PF24492.2	Complete	Unchanged
GML005506	GML005506_mRNA1		None	None
GML005507	GML005507_mRNA1	PF01008.24,PF01008.24	Partial	None
GML005508	GML005508_mRNA1	PF13246.13,PF16209.11,PF16212.12	Complete	None
GML005508	GML005508_mRNA2	PF13246.13,PF16209.11,PF16212.12	Complete	Unchanged
GML005509	GML005509_mRNA1		None	None
GML005510	GML005510_mRNA1	PF00171.28	Partial	None
GML005511	GML005511_mRNA1	PF13241.13,PF14823.12,PF14824.12	Complete	None
GML005512	GML005512_mRNA1	PF00996.25	Partial	None
GML005512	GML005512_mRNA2	PF00996.25	Partial	Unchanged
GML005513	GML005513_mRNA1	PF01248.32	Partial	None
GML005514	GML005514_mRNA1	PF20994.3	Partial	None
GML005514	GML005514_mRNA2	PF20994.3	Partial	Unchanged
GML005515	GML005515_mRNA1	PF03311.20,PF12799.14,PF13855.13,PF16815.11	Complete	None
GML005516	GML005516_mRNA1		None	None
GML005517	GML005517_mRNA1	PF00076.29,PF00076.29	Complete	None
GML005518	GML005518_mRNA1	PF00125.31	Partial	None
GML005519	GML005519_mRNA1	PF01058.30	Partial	None
GML005520	GML005520_mRNA1		None	None
GML005521	GML005521_mRNA1	PF00293.35	Partial	None
GML005522	GML005522_mRNA1		None	None
GML005522	GML005522_mRNA2		None	Unchanged
GML005523	GML005523_mRNA1	PF00515.35,PF00515.35,PF07719.24,PF13174.13,PF13181.13,PF13181.13,PF13181.13,PF13181.13,PF13428.13,PF13432.13,PF13432.13	Complete	None
GML005523	GML005523_mRNA2	PF00515.35,PF00515.35,PF07719.24,PF13174.13,PF13181.13,PF13181.13,PF13181.13,PF13181.13,PF13428.13,PF13432.13,PF13432.13	Complete	Unchanged
GML005523	GML005523_mRNA3	PF00515.35,PF00515.35,PF07719.24,PF13174.13,PF13181.13,PF13181.13,PF13181.13,PF13181.13,PF13181.13,PF13414.13,PF13428.13,PF13432.13,PF13432.13	Complete	Gain
GML005524	GML005524_mRNA1		None	None
GML005525	GML005525_mRNA1	PF01513.27,PF20143.5	Complete	None
GML005525	GML005525_mRNA2	PF01513.27,PF20143.5	Complete	Unchanged
GML005526	GML005526_mRNA1	PF00850.25	Partial	None
GML005527	GML005527_mRNA1	PF01529.26	Partial	None
GML005527	GML005527_mRNA2	PF01529.26	Partial	Unchanged
GML005528	GML005528_mRNA1	PF08449.18	Partial	None
GML005529	GML005529_mRNA1	PF16969.11	Partial	None
GML005529	GML005529_mRNA2	PF16969.11	Partial	Unchanged
GML005530	GML005530_mRNA1		None	None
GML005530	GML005530_mRNA2		None	Unchanged
GML005531	GML005531_mRNA1		None	None
GML005532	GML005532_mRNA1	PF00226.37	Partial	None
GML005532	GML005532_mRNA2	PF00226.37	Partial	Unchanged
GML005532	GML005532_mRNA3	PF00226.37	Partial	Unchanged
GML005533	GML005533_mRNA1	PF00173.34	Partial	None
GML005534	GML005534_mRNA1	PF00076.29	Partial	None
GML005535	GML005535_mRNA1	PF02545.20	Partial	None
GML005536	GML005536_mRNA1	PF00300.28	Partial	None
GML005537	GML005537_mRNA1	PF00198.29,PF00364.29,PF02817.23	Complete	None
GML005538	GML005538_mRNA1	PF00153.33,PF00153.33,PF00153.33,PF01351.26	Complete	None
GML005538	GML005538_mRNA2	PF00153.33,PF00153.33,PF00153.33	Complete	Loss
GML005539	GML005539_mRNA1	PF01351.26	Partial	None
GML005540	GML005540_mRNA1		None	None
GML005541	GML005541_mRNA1	PF02383.24,PF22669.3	Complete	None
GML005541	GML005541_mRNA2	PF02383.24,PF22669.3	Complete	Unchanged
GML005542	GML005542_mRNA1	PF03366.23,PF20305.5	Partial	None
GML005543	GML005543_mRNA1		None	None
GML005543	GML005543_mRNA2		None	Unchanged
GML005544	GML005544_mRNA1	PF00626.28,PF04810.21,PF04811.22,PF04815.21,PF08033.18	Complete	None
GML005545	GML005545_mRNA1	PF00152.26,PF01336.32	Partial	None
GML005546	GML005546_mRNA1	PF00617.25,PF00618.26,PF00620.33	Complete	None
GML005547	GML005547_mRNA1	PF02096.27	Partial	None
GML005548	GML005548_mRNA1		None	None
GML005549	GML005549_mRNA1	PF02463.26,PF13175.13,PF13476.13	Partial	None
GML005549	GML005549_mRNA2	PF02463.26,PF13476.13	Partial	Loss
GML005550	GML005550_mRNA1	PF00474.24	Partial	None
GML005550	GML005550_mRNA2	PF00474.24	Partial	Unchanged
GML005551	GML005551_mRNA1	PF03928.21	Partial	None
GML005551	GML005551_mRNA2	PF03928.21	Partial	Unchanged
GML005552	GML005552_mRNA1		None	None
GML005553	GML005553_mRNA1	PF02627.27	Complete	None
GML005554	GML005554_mRNA1	PF03969.23,PF06602.20	Complete	None
GML005554	GML005554_mRNA2	PF03969.23	Partial	Loss,Truncated
GML005555	GML005555_mRNA1	PF00023.37,PF00169.36,PF01237.24,PF12796.14,PF13606.13,PF13637.13,PF13857.13,PF15409.14	Complete	None
GML005555	GML005555_mRNA2	PF00023.37,PF00169.36,PF01237.24,PF12796.14,PF13606.13,PF13637.13,PF13857.13,PF15409.14	Complete	Unchanged
GML005555	GML005555_mRNA3	PF00023.37,PF00169.36,PF01237.24,PF12796.14,PF13606.13,PF13637.13,PF13857.13,PF15409.14	Complete	Unchanged
GML005556	GML005556_mRNA1	PF00400.39	Complete	None
GML005556	GML005556_mRNA2	PF00400.39	Complete	Unchanged
GML005557	GML005557_mRNA1	PF01105.30	Partial	None
GML005558	GML005558_mRNA1	PF14382.13,PF15985.12,PF21266.4	Complete	None
GML005558	GML005558_mRNA2	PF14382.13,PF15985.12,PF21266.4	Complete	Unchanged
GML005559	GML005559_mRNA1	PF02475.24,PF25133.2	Partial	None
GML005560	GML005560_mRNA1	PF02714.21,PF13967.12,PF14703.13	Partial	None
GML005560	GML005560_mRNA2	PF02714.21,PF13967.12,PF14703.13	Partial	Unchanged
GML005561	GML005561_mRNA1	PF08615.17	Partial	None
GML005562	GML005562_mRNA1	PF00083.31,PF06609.19,PF07690.22	Partial	None
GML005562	GML005562_mRNA2	PF00083.31,PF06609.19,PF07690.22	Partial	Unchanged
GML005563	GML005563_mRNA1	PF01237.24,PF15409.14	Complete	None
GML005564	GML005564_mRNA1	PF00097.32,PF13445.13,PF13923.13	Partial	None
GML005564	GML005564_mRNA2	PF00097.32,PF13445.13,PF13923.13	Partial	Unchanged
GML005564	GML005564_mRNA3	PF00097.32,PF13445.13	Partial	Loss
GML005564	GML005564_mRNA4	PF00097.32,PF13445.13	Partial	Loss
GML005565	GML005565_mRNA1	PF01454.26	Partial	None
GML005566	GML005566_mRNA1	PF00175.27,PF00258.31,PF00667.27	Complete	None
GML005567	GML005567_mRNA1	PF06090.19	Partial	None
GML005567	GML005567_mRNA2	PF06090.19	Partial	Unchanged
GML005568	GML005568_mRNA1	PF00752.24,PF12246.14,PF12247.14	Complete	None
GML005568	GML005568_mRNA2	PF00752.24,PF12246.14,PF12247.14	Complete	Unchanged
GML005569	GML005569_mRNA1	PF01040.24	Partial	None
GML005570	GML005570_mRNA1		None	None
GML005571	GML005571_mRNA1	PF01398.27,PF13012.12	Partial	None
GML005571	GML005571_mRNA2	PF01398.27,PF13012.12	Partial	Unchanged
GML005572	GML005572_mRNA1	PF03029.24	Partial	None
GML005573	GML005573_mRNA1		None	None
GML005574	GML005574_mRNA1		None	None
GML005574	GML005574_mRNA2		None	Unchanged
GML005575	GML005575_mRNA1	PF00226.37,PF00684.26,PF01556.24,PF02550.23,PF13336.13	Complete	None
GML005575	GML005575_mRNA2	PF00226.37,PF00684.26,PF01556.24	Complete	Loss,Truncated
GML005576	GML005576_mRNA1	PF00638.25,PF08911.17	Complete	None
GML005576	GML005576_mRNA2	PF00638.25,PF08911.17	Complete	Unchanged
GML005577	GML005577_mRNA1	PF03297.22	Partial	None
GML005578	GML005578_mRNA1	PF03364.26	Partial	None
GML005579	GML005579_mRNA1		None	None
GML005580	GML005580_mRNA1	PF09759.16	Complete	None
GML005581	GML005581_mRNA1	PF00291.32,PF14821.12,PF24857.2	Complete	None
GML005582	GML005582_mRNA1	PF09139.18	Partial	None
GML005582	GML005582_mRNA2	PF09139.18	Partial	Unchanged
GML005583	GML005583_mRNA1	PF09729.16	Partial	None
GML005584	GML005584_mRNA1	PF13867.12	Complete	None
GML005585	GML005585_mRNA1	PF00400.39,PF00400.39,PF00400.39,PF12894.14,PF24105.2,PF24105.2	Complete	None
GML005585	GML005585_mRNA2	PF00400.39,PF00400.39,PF00400.39,PF12894.14,PF24105.2,PF24105.2	Complete	Unchanged
GML005585	GML005585_mRNA3	PF00400.39,PF00400.39,PF00400.39,PF12894.14,PF24105.2,PF24105.2	Complete	Truncated
GML005586	GML005586_mRNA1	PF02845.23	Partial	None
GML005587	GML005587_mRNA1		None	None
GML005588	GML005588_mRNA1	PF00083.31,PF07690.22,PF07690.22	Partial	None
GML005589	GML005589_mRNA1		None	None
GML005589	GML005589_mRNA2		None	Unchanged
GML005590	GML005590_mRNA1	PF07690.22	Partial	None
GML005591	GML005591_mRNA1	PF01248.32	Partial	None
GML005592	GML005592_mRNA1		None	None
GML005592	GML005592_mRNA2		None	Unchanged
GML005593	GML005593_mRNA1	PF01602.27,PF07718.19,PF12717.14,PF14806.12	Complete	None
GML005594	GML005594_mRNA1		None	None
GML005595	GML005595_mRNA1	PF00557.30	Partial	None
GML005595	GML005595_mRNA2	PF00557.30	Partial	Unchanged
GML005596	GML005596_mRNA1	PF00628.36	Complete	None
GML005597	GML005597_mRNA1		None	None
GML005598	GML005598_mRNA1	PF01960.24	Partial	None
GML005599	GML005599_mRNA1	PF00106.32,PF13561.13	Partial	None
GML005599	GML005599_mRNA2	PF00106.32,PF13561.13	Partial	Unchanged
GML005600	GML005600_mRNA1	PF08574.16	Complete	None
GML005601	GML005601_mRNA1	PF00940.25,PF14700.12	Partial	None
GML005602	GML005602_mRNA1	PF04051.22	Partial	None
GML005602	GML005602_mRNA2	PF04051.22	Partial	Unchanged
GML005603	GML005603_mRNA1	PF00621.26	Partial	None
GML005604	GML005604_mRNA1	PF00076.29	Complete	None
GML005604	GML005604_mRNA2	PF00076.29	Complete	Unchanged
GML005605	GML005605_mRNA1	PF00069.32,PF07714.24,PF14531.13	Partial	None
GML005605	GML005605_mRNA2	PF00069.32,PF07714.24,PF14531.13	Partial	Unchanged
GML005606	GML005606_mRNA1		None	None
GML005607	GML005607_mRNA1	PF00561.27	Partial	None
GML005608	GML005608_mRNA1	PF00410.25	Partial	None
GML005609	GML005609_mRNA1	PF00970.31	Complete	None
GML005609	GML005609_mRNA2	PF00970.31	Complete	Unchanged
GML005610	GML005610_mRNA1	PF21547.4,PF24173.2,PF24181.2,PF26245.1	Complete	None
GML005611	GML005611_mRNA1	PF00808.30	Partial	None
GML005612	GML005612_mRNA1	PF09809.15	Partial	None
GML005613	GML005613_mRNA1		None	None
GML005613	GML005613_mRNA2		None	Unchanged
GML005614	GML005614_mRNA1		None	None
GML005615	GML005615_mRNA1	PF01266.31	Partial	None
GML005616	GML005616_mRNA1	PF04495.21	Partial	None
GML005616	GML005616_mRNA2	PF04495.21	Partial	Unchanged
GML005617	GML005617_mRNA1	PF00294.30	Partial	None
GML005618	GML005618_mRNA1	PF00083.31,PF07690.22	Partial	None
GML005618	GML005618_mRNA2	PF00083.31,PF07690.22	Partial	Unchanged
GML005619	GML005619_mRNA1	PF00023.37,PF00023.37,PF04383.20,PF12796.14,PF13606.13	Complete	None
GML005620	GML005620_mRNA1		None	None
GML005621	GML005621_mRNA1	PF00171.28	Partial	None
GML005622	GML005622_mRNA1	PF00179.32	Partial	None
GML005623	GML005623_mRNA1	PF01399.34,PF10602.16,PF21154.3	Complete	None
GML005624	GML005624_mRNA1	PF00441.30,PF02770.25,PF02771.22,PF08028.17	Complete	None
GML005625	GML005625_mRNA1	PF01423.29	Partial	None
GML005626	GML005626_mRNA1	PF00022.27,PF08704.17	Partial	None
GML005627	GML005627_mRNA1	PF00069.32,PF07714.24	Partial	None
GML005628	GML005628_mRNA1	PF00675.26,PF05193.27	Partial	None
GML005629	GML005629_mRNA1	PF11051.15	Partial	None
GML005630	GML005630_mRNA1	PF03152.22,PF16558.11,PF23580.2	Complete	None
GML005631	GML005631_mRNA1	PF00082.28,PF00179.32,PF05922.22	Complete	None
GML005631	GML005631_mRNA2	PF00082.28,PF05922.22	Partial	Loss
GML005632	GML005632_mRNA1	PF00179.32	Partial	None
GML005633	GML005633_mRNA1	PF29150.1	Partial	None
GML005634	GML005634_mRNA1		None	None
GML005634	GML005634_mRNA2		None	Unchanged
GML005635	GML005635_mRNA1	PF08729.16,PF10436.15	Complete	None
GML005635	GML005635_mRNA2	PF02518.32,PF10436.15	Complete	Gain,Loss
GML005636	GML005636_mRNA1	PF08729.16	Complete	None
GML005637	GML005637_mRNA1	PF08568.17	Partial	None
GML005638	GML005638_mRNA1	PF04110.20	Partial	None
GML005639	GML005639_mRNA1	PF03856.19	Partial	None
GML005639	GML005639_mRNA2	PF03856.19	Partial	Unchanged
GML005640	GML005640_mRNA1		None	None
GML005641	GML005641_mRNA1	PF00069.32,PF07714.24	Partial	None
GML005642	GML005642_mRNA1		None	None
GML005643	GML005643_mRNA1		None	None
GML005644	GML005644_mRNA1	PF03159.25,PF17846.7,PF18129.8,PF18332.8,PF18334.8	Complete	None
GML005645	GML005645_mRNA1		None	None
GML005645	GML005645_mRNA2		None	Unchanged
GML005646	GML005646_mRNA1	PF00153.33,PF00153.33,PF00153.33	Complete	None
GML005647	GML005647_mRNA1		None	None
GML005647	GML005647_mRNA2		None	Unchanged
GML005647	GML005647_mRNA3		None	Unchanged
GML005648	GML005648_mRNA1	PF09736.15	Partial	None
GML005649	GML005649_mRNA1	PF13634.12,PF13634.12,PF13634.12,PF13634.12,PF13634.12,PF13634.12,PF13634.12	Complete	None
GML005649	GML005649_mRNA2		None	Loss
GML005650	GML005650_mRNA1		None	None
GML005651	GML005651_mRNA1	PF00806.26,PF00806.26,PF00806.26,PF00806.26,PF00806.26,PF00806.26,PF00806.26	Complete	None
GML005652	GML005652_mRNA1	PF04000.21	Partial	None
GML005653	GML005653_mRNA1	PF01201.28	Partial	None
GML005653	GML005653_mRNA2	PF01201.28	Partial	Unchanged
GML005654	GML005654_mRNA1	PF00096.33,PF04082.24	Complete	None
GML005654	GML005654_mRNA2	PF00096.33,PF04082.24	Partial	Truncated
GML005655	GML005655_mRNA1		None	None
GML005656	GML005656_mRNA1	PF00097.32,PF12678.14,PF13639.13	Complete	None
GML005657	GML005657_mRNA1	PF00076.29,PF14304.12,PF14327.12	Complete	None
GML005658	GML005658_mRNA1	PF02441.26	Partial	None
GML005659	GML005659_mRNA1	PF01977.23,PF20695.3,PF20696.3	Complete	None
GML005660	GML005660_mRNA1	PF00076.29,PF14327.12	Partial	None
GML005661	GML005661_mRNA1	PF01096.24,PF07500.20,PF08711.17	Complete	None
GML005662	GML005662_mRNA1	PF00291.32,PF00571.34	Complete	None
GML005663	GML005663_mRNA1	PF29536.1	Partial	None
GML005663	GML005663_mRNA2	PF29536.1	Partial	Unchanged
GML005664	GML005664_mRNA1		None	None
GML005664	GML005664_mRNA2		None	Unchanged
GML005665	GML005665_mRNA1	PF00789.27	Complete	None
GML005666	GML005666_mRNA1	PF00225.30,PF03853.22,PF04096.21,PF09532.16,PF12110.14,PF12110.14,PF13634.12,PF13634.12,PF13634.12,PF13634.12,PF13634.12,PF16796.12	Complete	None
GML005666	GML005666_mRNA2	PF00225.30,PF03853.22,PF09532.16,PF16796.12	Complete	Loss
GML005667	GML005667_mRNA1	PF01656.30,PF04096.21,PF10609.16,PF10609.16,PF12110.14,PF12110.14,PF13634.12,PF13634.12,PF13634.12,PF13634.12	Complete	None
GML005667	GML005667_mRNA2	PF01656.30,PF10609.16,PF10609.16	Partial	Loss,Truncated
GML005668	GML005668_mRNA1	PF03357.27,PF25880.2	Partial	None
GML005669	GML005669_mRNA1	PF00514.30,PF00514.30,PF00514.30,PF00514.30,PF00514.30,PF00514.30,PF00514.30,PF04826.20	Complete	None
GML005670	GML005670_mRNA1	PF00018.35,PF04366.18,PF07653.24,PF14604.13	Complete	None
GML005671	GML005671_mRNA1	PF01764.32,PF02089.22,PF05057.22	Partial	None
GML005672	GML005672_mRNA1	PF00735.25,PF01926.30	Partial	None
GML005673	GML005673_mRNA1	PF03815.25,PF04733.21	Complete	None
GML005673	GML005673_mRNA2	PF03815.25	Complete	Loss
GML005674	GML005674_mRNA1	PF04733.21	Partial	None
GML005675	GML005675_mRNA1	PF03169.21	Partial	None
GML005676	GML005676_mRNA1	PF00317.27,PF02867.21,PF03477.22	Complete	None
GML005677	GML005677_mRNA1	PF00107.33,PF08240.18,PF13602.13	Partial	None
GML005678	GML005678_mRNA1	PF06544.19,PF08572.16	Complete	None
GML005678	GML005678_mRNA2	PF06544.19,PF08572.16	Complete	Unchanged
GML005678	GML005678_mRNA3	PF06544.19,PF08572.16	Complete	Unchanged
GML005679	GML005679_mRNA1	PF11022.14	Partial	None
GML005679	GML005679_mRNA2		None	Loss
GML005680	GML005680_mRNA1	PF02732.22,PF14716.14,PF21136.3,PF26163.1	Complete	None
GML005680	GML005680_mRNA2	PF26163.1	Partial	Loss,Truncated
GML005681	GML005681_mRNA1	PF09531.16	Partial	None
GML005681	GML005681_mRNA2	PF09531.16	Partial	Unchanged
GML005682	GML005682_mRNA1	PF00999.27	Partial	None
GML005683	GML005683_mRNA1		None	None
GML005683	GML005683_mRNA2		None	Unchanged
GML005684	GML005684_mRNA1	PF03151.23	Partial	None
GML005685	GML005685_mRNA1	PF00153.33,PF00153.33,PF00153.33	Complete	None
GML005686	GML005686_mRNA1	PF00487.31	Partial	None
GML005687	GML005687_mRNA1	PF04140.20,PF04191.19,PF06966.18	Partial	None
GML005688	GML005688_mRNA1	PF00025.28,PF00071.29,PF01926.30,PF04670.19,PF08477.20	Partial	None
GML005688	GML005688_mRNA2	PF00025.28,PF00071.29,PF01926.30,PF04670.19,PF08477.20	Partial	Unchanged
GML005689	GML005689_mRNA1	PF00494.25	Partial	None
GML005690	GML005690_mRNA1	PF04424.20	Partial	None
GML005691	GML005691_mRNA1	PF03985.19	Partial	None
GML005692	GML005692_mRNA1	PF00248.28	Partial	None
GML005693	GML005693_mRNA1	PF00009.34,PF00025.28,PF00071.29,PF01926.30,PF04670.19,PF08477.20	Partial	None
GML005694	GML005694_mRNA1	PF01713.28,PF08590.16	Partial	None
GML005695	GML005695_mRNA1	PF00009.34,PF03143.24,PF03144.32,PF22594.3	Complete	None
GML005696	GML005696_mRNA1	PF00533.34,PF00533.34,PF00533.34,PF12738.14	Complete	None
GML005696	GML005696_mRNA2	PF00533.34,PF00533.34,PF12738.14	Complete	Unchanged
GML005697	GML005697_mRNA1		None	None
GML005698	GML005698_mRNA1	PF29361.1	Partial	None
GML005699	GML005699_mRNA1	PF00628.36,PF01388.28,PF02373.29,PF02373.29,PF08429.17	Complete	None
GML005699	GML005699_mRNA2	PF00628.36,PF01388.28,PF02373.29,PF02373.29,PF08429.17	Complete	Unchanged
GML005700	GML005700_mRNA1		None	None
GML005701	GML005701_mRNA1	PF00327.26,PF08079.18	Partial	None
GML005701	GML005701_mRNA2	PF00327.26,PF08079.18	Partial	Unchanged
GML005702	GML005702_mRNA1	PF00324.28,PF13520.13	Partial	None
GML005703	GML005703_mRNA1	PF00450.29	Partial	None
GML005704	GML005704_mRNA1	PF18564.8	Complete	None
GML005705	GML005705_mRNA1	PF00083.31,PF07690.22	Partial	None
GML005706	GML005706_mRNA1	PF00150.25,PF18564.8	Complete	None
GML005707	GML005707_mRNA1	PF00083.31,PF07690.22	Partial	None
GML005708	GML005708_mRNA1		None	None
GML005708	GML005708_mRNA2		None	Unchanged
GML005709	GML005709_mRNA1		None	None
GML005710	GML005710_mRNA1		None	None
GML005710	GML005710_mRNA2		None	Unchanged
GML005711	GML005711_mRNA1	PF31202.1	Partial	None
GML005712	GML005712_mRNA1		None	None
GML005712	GML005712_mRNA2		None	Unchanged
GML005713	GML005713_mRNA1	PF11765.14	Partial	None
GML005714	GML005714_mRNA1		None	None
GML005714	GML005714_mRNA2		None	Unchanged
GML005715	GML005715_mRNA1	PF00119.26	Partial	None
GML005716	GML005716_mRNA1		None	None
GML005717	GML005717_mRNA1	PF00361.26,PF00361.26	Partial	None
GML005717	GML005717_mRNA2	PF00361.26	Partial	Unchanged
GML005717	GML005717_mRNA3	PF00361.26	Partial	Unchanged
GML005718	GML005718_mRNA1	PF00507.25	Partial	None
GML005719	GML005719_mRNA1		None	None
GML005720	GML005720_mRNA1		None	None
GML005720	GML005720_mRNA2		None	Unchanged
GML005720	GML005720_mRNA3		None	Unchanged
